-3.513975907727682113e+01
7.854511099323201684e+00
2.207577242008060381e+01
-1.521539576042052744e+01
-7.075532793519836616e+01
1.912228288417188082e+01
-1.091697349544259765e+01
5.933133061914049478e+01
1.040501112449786092e+01
7.099363100942116489e+01
-2.196360680105932062e+01
-2.038424890234410469e+01
-1.610750790376415864e+01
-2.456947414612837832e+01
-3.418207981076403712e+01
-5.058576705563183395e+01
1.226053647618173237e+01
-7.742479130966849254e+01
2.347577210129822589e+01
-2.133747060451355182e+01
-3.636267093550146257e+01
6.130543608253501020e+01
7.888752979300146251e+01
9.394461220794292444e+01
-4.048977512574234794e+01
1.001615093744536900e+01
-1.807064465717764890e+01
-4.416516599972978518e+00
-3.433974779737269500e+01
-2.503583564870273293e+01
1.302604106130463002e+01
-2.376499263128100026e+01
1.603103542800477754e+01
-4.242488445940784914e+01
-4.312488170932479647e+01
2.575367081854047768e+01
7.688661665459645178e+01
-7.498441525638072847e+01
-1.962065670327203293e+01
-3.933670248180573736e+01
-6.474379712123701225e+00
2.057060145679602314e+01
3.168571015520820566e+01
-7.758144082990181545e+00
1.415786475239942099e+01
6.373582578809654819e+01
4.924933039341862440e+01
7.374264014727207162e+00
2.188198436413143000e+01
5.616174695198448319e+01
-1.373517877466705528e+01
-2.464672787501202222e+01
1.083694084259684232e+01
-2.976809299412151688e+01
-1.578527333135181188e+01
6.330529125160332882e+01
2.079973944194903335e-01
-2.036250261593062660e+01
-4.716007778878402945e+01
-1.112092856494562021e+01
8.602022161183471738e+00
2.108155590615432118e+01
-1.699470203618602326e+01
-1.923493824335809776e+01
-2.026630932606563817e+01
1.071208706906860320e+00
-3.724068402402566846e+01
1.024128798227696713e+01
7.497216585521579191e+01
1.022656594124623730e+01
1.000000000000000000e+02
-2.629101969604699551e+00
-2.253482818809466792e+01
7.004719641799769647e+01
-3.968542351670403434e+01
-3.956478915743959845e+01
-3.557659403579037161e+01
-1.333225604224185368e+01
-8.100900132734521364e+00
6.975814386252061183e+00
7.518763340459236133e+01
1.728808268421787275e+01
-3.057880375218140401e+01
-2.342878315180625037e+01
-2.123401874762323160e+01
-2.648561995882342757e+01
-1.522890604529035352e+00
-2.980287996804782580e+01
-3.312711300824982175e+01
6.692872491633651499e+00
4.507882347001390144e+01
1.460736647948263744e+01
-1.922644566103077324e+01
1.974792900508854032e+01
1.948264703615022597e+01
-1.266209135829400267e+01
-2.298713266672901767e+01
-3.357829200624971833e+01
-1.122100166836788304e+01
1.382302478754965236e+01
7.022807343815744119e+00
3.319164594419746095e+01
-1.283348115318762694e+01
-3.901874906971186618e+01
-1.725740248920964603e+01
-2.468061855815752637e+01
-2.897541577161688053e+01
-4.866631287822254848e+00
-3.477407379661795517e+01
7.893313149773436344e+00
3.587924179778354539e+00
1.991329740159545736e+01
-9.435099993304832955e-01
3.945660804191610538e+01
7.558727994281022688e+01
-1.353656265831249783e+01
-7.420528120889789747e+00
-1.629006529547174509e+01
-9.616584422412167044e+00
2.419760244040189079e+01
4.208048115187980187e+01
