-3.513975908900989964e+01 3.513975908544114191e+01
7.854511121725662903e+00 -7.854511114911692182e+00
2.207577248158877481e+01 -2.207577246288035155e+01
-1.521539577356563022e+01 1.521539576956738848e+01
-7.075532796572784378e+01 7.075532795644195971e+01
1.912228292978100441e+01 -1.912228291590846396e+01
-1.091697349828779551e+01 1.091697349742239354e+01
5.933133066308680270e+01 -5.933133064972000881e+01
1.040501114483913625e+01 -1.040501113865211380e+01
7.099363102786048785e+01 -7.099363102225193245e+01
-2.196360682246057294e+01 2.196360681595113107e+01
-2.038424892372603381e+01 2.038424891722245036e+01
-1.610750790895790985e+01 1.610750790737816018e+01
-2.456947416797019912e+01 2.456947416132674888e+01
-3.418207982146225987e+01 3.418207981820825836e+01
-5.058576709245243563e+01 5.058576708125297472e+01
1.226053653272810884e+01 -1.226053651552886592e+01
-7.742479135791906231e+01 7.742479134324308632e+01
2.347577205882221918e+01 -2.347577207174178326e+01
-2.133747060260018102e+01 2.133747060318215460e+01
-3.636267097112496316e+01 3.636267096028965540e+01
6.130543607047922450e+01 -6.130543607414612950e+01
7.888752979420615929e+01 -7.888752979383973241e+01
9.394461219876816926e+01 -9.394461220155879744e+01
-4.048977514276816692e+01 4.048977513758955382e+01
1.001615097408355659e+01 -1.001615096293962992e+01
-1.807064466552177251e+01 1.807064466298379912e+01
-4.416516625379837357e+00 4.416516617652030519e+00
-3.433974780901792911e+01 3.433974780547588068e+01
-2.503583566198408406e+01 2.503583565794439281e+01
1.302604107773092146e+01 -1.302604107273468692e+01
-2.376499263878425339e+01 2.376499263650205052e+01
1.603103541965067080e+01 -1.603103542219167110e+01
-4.242488449116228821e+01 4.242488448150381686e+01
-4.312488173123556123e+01 4.312488172457115354e+01
2.575367080954620747e+01 -2.575367081228193200e+01
7.688661666091891789e+01 -7.688661665899586239e+01
-7.498441529426594343e+01 7.498441528274275925e+01
-1.962065670354327551e+01 1.962065670346075663e+01
-3.933670250547844915e+01 3.933670249827810750e+01
-6.474379731222150269e+00 6.474379725413141884e+00
2.057060145280563290e+01 -2.057060145401936069e+01
3.168571012501613282e+01 -3.168571013419941096e+01
-7.758144104666627072e+00 7.758144098073468165e+00
1.415786474036450038e+01 -1.415786474402505135e+01
6.373582578816791511e+01 -6.373582578814621513e+01
4.924933045868388604e+01 -4.924933043883270045e+01
7.374264029392365138e+00 -7.374264024931791894e+00
2.188198441724287946e+01 -2.188198440108842036e+01
5.616174697767847590e+01 -5.616174696986335846e+01
-1.373517878516224755e+01 1.373517878197001707e+01
-2.464672789696991373e+01 2.464672789029114242e+01
1.083694083370947858e+01 -1.083694083641267802e+01
-2.976809299650606988e+01 2.976809299578077272e+01
-1.578527327125716084e+01 1.578527328953564357e+01
6.330529130844807639e+01 -6.330529129115809184e+01
2.079973917728979160e-01 -2.079973925778909882e-01
-2.036250262665232924e+01 2.036250262339119388e+01
-4.716007781005950505e+01 4.716007780358830814e+01
-1.112092857659634859e+01 1.112092857305264637e+01
8.602022191114599536e+00 -8.602022182010697904e+00
2.108155591633395787e+01 -2.108155591323771105e+01
-1.699470199659425873e+01 1.699470200863655478e+01
-1.923493817297397612e+01 1.923493819438212071e+01
-2.026630933304377891e+01 2.026630933092129538e+01
1.071208710410339604e+00 -1.071208709344717125e+00
-3.724068405706131557e+01 3.724068404701311863e+01
1.024128797119459122e+01 -1.024128797456542017e+01
7.497216586852454157e+01 -7.497216586447650855e+01
1.022656592026637234e+01 -1.022656592664765007e+01
1.000000000000000000e+02 -1.000000000000000000e+02
-2.629101977896004083e+00 2.629101975374096067e+00
-2.253482822296085430e+01 2.253482821235591871e+01
7.004719643306378885e+01 -7.004719642848125716e+01
-3.968542354244733872e+01 3.968542353461720751e+01
-3.956478915868391510e+01 3.956478915830543031e+01
-3.557659405675658348e+01 3.557659405037947664e+01
-1.333225606392986329e+01 1.333225605733320940e+01
-8.100900163175428048e+00 8.100900153916462898e+00
6.975814409248478398e+00 -6.975814402253856628e+00
7.518763350995237715e+01 -7.518763347790589080e+01
1.728808268302213591e+01 -1.728808268338582721e+01
-3.057880377655049742e+01 3.057880376913833942e+01
-2.342878316763055579e+01 2.342878316281739259e+01
-2.123401874914848264e+01 2.123401874868454087e+01
-2.648561998399802420e+01 2.648561997634087817e+01
-1.522890592762291995e+00 1.522890596341274216e+00
-2.980288000055407238e+01 2.980287999066689153e+01
-3.312711302280966663e+01 3.312711301838110245e+01
6.692872490089487592e+00 -6.692872490559171439e+00
4.507882346070199020e+01 -4.507882346353431302e+01
1.460736647367316188e+01 -1.460736647544018929e+01
-1.922644568516427199e+01 1.922644567782375447e+01
1.974792899363059817e+01 -1.974792899711566818e+01
1.948264706816785363e+01 -1.948264705842932187e+01
-1.266209136599263019e+01 1.266209136365099752e+01
-2.298713267475937272e+01 2.298713267231682877e+01
-3.357829202089438780e+01 3.357829201644001671e+01
-1.122100168839186196e+01 1.122100168230134187e+01
1.382302478269999035e+01 -1.382302478417507352e+01
7.022807395426224453e+00 -7.022807379728294386e+00
3.319164594234433707e+01 -3.319164594290797510e+01
-1.283348109567899620e+01 1.283348111317092055e+01
-3.901874905919837744e+01 3.901874906239617502e+01
-1.725740249254177172e+01 1.725740249152826422e+01
-2.468061857169332640e+01 2.468061856757626060e+01
-2.897541580581780352e+01 2.897541579541519496e+01
-4.866631303428514244e+00 4.866631298681665996e+00
-3.477407381303286371e+01 3.477407380804007886e+01
7.893313198511498818e+00 -7.893313183687246770e+00
3.587924204782751758e+00 -3.587924197177376318e+00
1.991329737399416899e+01 -1.991329738238942682e+01
-9.435099615877875490e-01 9.435099730676680396e-01
3.945660806159672518e+01 -3.945660805561063711e+01
7.558727993130536049e+01 -7.558727993480469820e+01
-1.353656266418826881e+01 1.353656266240109041e+01
-7.420528133343336386e+00 7.420528129555431285e+00
-1.629006531579898009e+01 1.629006530961621735e+01
-9.616584357906418745e+00 9.616584377526596228e+00
2.419760241875892604e+01 -2.419760242534189842e+01
4.208048121398140751e+01 -4.208048119509248153e+01
