3.513975908892613376e+01 3.513975908266393589e+01 3.513975908331840969e+01 -3.513975908380844970e+01 -3.513975908352816901e+01 3.513975908318693797e+01 3.513975908311811480e+01 -3.513975908348728439e+01 3.513975908557403471e+01 -3.513975908331781994e+01
-7.854511121565741938e+00 -7.854511109609099151e+00 -7.854511110858681810e+00 7.854511111794344913e+00 7.854511111259223632e+00 -7.854511110607661273e+00 -7.854511110476244617e+00 7.854511111181100347e+00 -7.854511115165432322e+00 7.854511110857536060e+00
-2.207577248114967361e+01 -2.207577244832153696e+01 -2.207577245175239611e+01 2.207577245432135626e+01 2.207577245285211021e+01 -2.207577245106316610e+01 -2.207577245070238092e+01 2.207577245263761512e+01 -2.207577246357700318e+01 2.207577245174924130e+01
1.521539577347178351e+01 1.521539576645598046e+01 1.521539576718919839e+01 -1.521539576773820990e+01 -1.521539576742421929e+01 1.521539576704189045e+01 1.521539576696478946e+01 -1.521539576737838573e+01 1.521539576971627916e+01 -1.521539576718851627e+01
7.075532796550992032e+01 7.075532794921572588e+01 7.075532795091858418e+01 -7.075532795219372417e+01 -7.075532795146442311e+01 7.075532795057648627e+01 7.075532795039742950e+01 -7.075532795135795538e+01 7.075532795678772402e+01 -7.075532795091702098e+01
-1.912228292945541952e+01 -1.912228290511291107e+01 -1.912228290765693473e+01 1.912228290956186072e+01 1.912228290847238910e+01 -1.912228290714585910e+01 -1.912228290687833621e+01 1.912228290831334121e+01 -1.912228291642503208e+01 1.912228290765459704e+01
1.091697349826748997e+01 1.091697349674894468e+01 1.091697349690766039e+01 -1.091697349702647912e+01 -1.091697349695850860e+01 1.091697349687575347e+01 1.091697349685908769e+01 -1.091697349694860719e+01 1.091697349745462375e+01 -1.091697349690750407e+01
-5.933133066277307677e+01 -5.933133063931806106e+01 -5.933133064176931271e+01 5.933133064360480091e+01 5.933133064255504507e+01 -5.933133064127685685e+01 -5.933133064101910037e+01 5.933133064240178811e+01 -5.933133065021772978e+01 5.933133064176708871e+01
-1.040501114469393684e+01 -1.040501113383738385e+01 -1.040501113497198560e+01 1.040501113582157799e+01 1.040501113533568223e+01 -1.040501113474406658e+01 -1.040501113462474692e+01 1.040501113526474875e+01 -1.040501113888249307e+01 1.040501113497095353e+01
-7.099363102772888112e+01 -7.099363101788742370e+01 -7.099363101891593431e+01 7.099363101968607737e+01 7.099363101924561192e+01 -7.099363101870930848e+01 -7.099363101860117808e+01 7.099363101918129360e+01 -7.099363102246080359e+01 7.099363101891499639e+01
2.196360682230777428e+01 2.196360681088552624e+01 2.196360681207923093e+01 -2.196360681297310435e+01 -2.196360681246189017e+01 2.196360681183945118e+01 2.196360681171391604e+01 -2.196360681238724766e+01 2.196360681619352562e+01 -2.196360681207814025e+01
2.038424892357338791e+01 2.038424891216142498e+01 2.038424891335408518e+01 -2.038424891424712371e+01 -2.038424891373636783e+01 2.038424891311448306e+01 2.038424891298907582e+01 -2.038424891366180702e+01 2.038424891746464240e+01 -2.038424891335298383e+01
1.610750790892084794e+01 1.610750790614883243e+01 1.610750790643852781e+01 -1.610750790665543519e+01 -1.610750790653136733e+01 1.610750790638028818e+01 1.610750790634985563e+01 -1.610750790651327335e+01 1.610750790743699667e+01 -1.610750790643824359e+01
2.456947416781428117e+01 2.456947415615684704e+01 2.456947415737514717e+01 -2.456947415828739167e+01 -2.456947415776566856e+01 2.456947415713040073e+01 2.456947415700228277e+01 -2.456947415768950904e+01 2.456947416157413855e+01 -2.456947415737402807e+01
3.418207982138590495e+01 3.418207981567602616e+01 3.418207981627274705e+01 -3.418207981671956475e+01 -3.418207981646403937e+01 3.418207981615287849e+01 3.418207981609013757e+01 -3.418207981642671456e+01 3.418207981832943432e+01 -3.418207981627222836e+01
5.058576709218956324e+01 5.058576707253764226e+01 5.058576707459146604e+01 -5.058576707612933632e+01 -5.058576707524979810e+01 5.058576707417887519e+01 5.058576707396290573e+01 -5.058576707512141013e+01 5.058576708167005620e+01 -5.058576707458959731e+01
-1.226053653232443175e+01 -1.226053650214450386e+01 -1.226053650529858352e+01 1.226053650766032810e+01 1.226053650630960057e+01 -1.226053650466497835e+01 -1.226053650433328279e+01 1.226053650611241252e+01 -1.226053651616932072e+01 1.226053650529569516e+01
7.742479135757460540e+01 7.742479133182229134e+01 7.742479133451368511e+01 -7.742479133652892642e+01 -7.742479133537632663e+01 7.742479133397297630e+01 7.742479133368998134e+01 -7.742479133520808432e+01 7.742479134378957895e+01 -7.742479133451121243e+01
-2.347577205912544684e+01 -2.347577208179573560e+01 -2.347577207942644861e+01 2.347577207765242946e+01 2.347577207866702764e+01 -2.347577207990242343e+01 -2.347577208015158234e+01 2.347577207881513317e+01 -2.347577207126069609e+01 2.347577207942863353e+01
2.133747060261384476e+01 2.133747060363504033e+01 2.133747060352832392e+01 -2.133747060344839142e+01 -2.133747060349409352e+01 2.133747060354974678e+01 2.133747060356097691e+01 -2.133747060350076907e+01 2.133747060316047239e+01 -2.133747060352840919e+01
3.636267097087066702e+01 3.636267095185768028e+01 3.636267095384472725e+01 -3.636267095533256821e+01 -3.636267095448162934e+01 3.636267095344555145e+01 3.636267095323660214e+01 -3.636267095435740515e+01 3.636267096069313709e+01 -3.636267095384289405e+01
-6.130543607056531386e+01 -6.130543607699972597e+01 -6.130543607632724701e+01 6.130543607582372090e+01 6.130543607611170387e+01 -6.130543607646233539e+01 -6.130543607653306992e+01 6.130543607615372537e+01 -6.130543607400958450e+01 6.130543607632788650e+01
-7.888752979419760436e+01 -7.888752979355460582e+01 -7.888752979362176632e+01 7.888752979367207274e+01 7.888752979364332418e+01 -7.888752979360825179e+01 -7.888752979360120321e+01 7.888752979363907514e+01 -7.888752979385337483e+01 7.888752979362170947e+01
-9.394461219883370973e+01 -9.394461220373042920e+01 -9.394461220321868211e+01 9.394461220283545799e+01 9.394461220305463200e+01 -9.394461220332148343e+01 -9.394461220337528573e+01 9.394461220308660643e+01 -9.394461220145490188e+01 9.394461220321915107e+01
4.048977514264664990e+01 4.048977513355958280e+01 4.048977513450928711e+01 -4.048977513522038407e+01 -4.048977513481369073e+01 4.048977513431849218e+01 4.048977513421863961e+01 -4.048977513475428935e+01 4.048977513778240223e+01 -4.048977513450839893e+01
-1.001615097382200581e+01 -1.001615095426746649e+01 -1.001615095631110108e+01 1.001615095784135256e+01 1.001615095696616997e+01 -1.001615095590055837e+01 -1.001615095568564762e+01 1.001615095683839662e+01 -1.001615096335459931e+01 1.001615095630923058e+01
1.807064466546220771e+01 1.807064466100876032e+01 1.807064466147418358e+01 -1.807064466182268703e+01 -1.807064466162339400e+01 1.807064466138067615e+01 1.807064466133176950e+01 -1.807064466159427951e+01 1.807064466307832618e+01 -1.807064466147376791e+01
4.416516625198440238e+00 4.416516611638303225e+00 4.416516613055474494e+00 -4.416516614116622108e+00 -4.416516613509721800e+00 4.416516612770771566e+00 4.416516612621752991e+00 -4.416516613421133108e+00 4.416516617939803879e+00 -4.416516613054166207e+00
3.433974780893478851e+01 3.433974780271949356e+01 3.433974780336905042e+01 -3.433974780385543824e+01 -3.433974780357723944e+01 3.433974780323855214e+01 3.433974780317024766e+01 -3.433974780353662482e+01 3.433974780560775741e+01 -3.433974780336846067e+01
2.503583566188928344e+01 2.503583565480072792e+01 2.503583565554154333e+01 -2.503583565609627470e+01 -2.503583565577901382e+01 2.503583565539271660e+01 2.503583565531482691e+01 -2.503583565573271130e+01 2.503583565809482536e+01 -2.503583565554088608e+01
-1.302604107761367125e+01 -1.302604106884662194e+01 -1.302604106976286502e+01 1.302604107044893844e+01 1.302604107005656431e+01 -1.302604106957879893e+01 -1.302604106948245821e+01 1.302604106999927147e+01 -1.302604107292073010e+01 1.302604106976201948e+01
2.376499263873069268e+01 2.376499263472603829e+01 2.376499263514457283e+01 -2.376499263545794705e+01 -2.376499263527871975e+01 2.376499263506048365e+01 2.376499263501649040e+01 -2.376499263525255756e+01 2.376499263658703143e+01 -2.376499263514416782e+01
-1.603103541971031376e+01 -1.603103542416906535e+01 -1.603103542370307721e+01 1.603103542335417231e+01 1.603103542355371403e+01 -1.603103542379668411e+01 -1.603103542384569380e+01 1.603103542358284628e+01 -1.603103542209704457e+01 1.603103542370350354e+01
4.242488449093561798e+01 4.242488447398761053e+01 4.242488447575884436e+01 -4.242488447708508659e+01 -4.242488447632658222e+01 4.242488447540299745e+01 4.242488447521675710e+01 -4.242488447621585124e+01 4.242488448186347938e+01 -4.242488447575722432e+01
4.312488173107915657e+01 4.312488171938493053e+01 4.312488172060708536e+01 -4.312488172152222177e+01 -4.312488172099882888e+01 4.312488172036155021e+01 4.312488172023302724e+01 -4.312488172092241712e+01 4.312488172481931059e+01 -4.312488172060596270e+01
-2.575367080961044408e+01 -2.575367081441084594e+01 -2.575367081390915303e+01 2.575367081353351395e+01 2.575367081374834299e+01 -2.575367081400994707e+01 -2.575367081406270486e+01 2.575367081377971701e+01 -2.575367081218004728e+01 2.575367081390962198e+01
-7.688661666087381263e+01 -7.688661665749935992e+01 -7.688661665785200228e+01 7.688661665811609680e+01 7.688661665796506384e+01 -7.688661665778114696e+01 -7.688661665774408505e+01 7.688661665794299438e+01 -7.688661665906745668e+01 7.688661665785170385e+01
7.498441529399553929e+01 7.498441527377541149e+01 7.498441527588860822e+01 -7.498441527747091584e+01 -7.498441527656598282e+01 7.498441527546405894e+01 7.498441527524184380e+01 -7.498441527643383608e+01 7.498441528317182758e+01 -7.498441527588667554e+01
1.962065670354133573e+01 1.962065670339655910e+01 1.962065670341170076e+01 -1.962065670342300905e+01 -1.962065670341653956e+01 1.962065670340862766e+01 1.962065670340704671e+01 -1.962065670341558388e+01 1.962065670346382618e+01 -1.962065670341165458e+01
3.933670250530946788e+01 3.933670249267483854e+01 3.933670249399527563e+01 -3.933670249498401006e+01 -3.933670249441851752e+01 3.933670249372999450e+01 3.933670249359117577e+01 -3.933670249433597377e+01 3.933670249854623080e+01 -3.933670249399406060e+01
6.474379731085814882e+00 6.474379720892587287e+00 6.474379721957863154e+00 -6.474379722755548627e+00 -6.474379722299341999e+00 6.474379721743866334e+00 6.474379721631851936e+00 -6.474379722232734835e+00 6.474379725629447968e+00 -6.474379721956893263e+00
-2.057060145283414698e+01 -2.057060145496387449e+01 -2.057060145474129342e+01 2.057060145457463207e+01 2.057060145466994072e+01 -2.057060145478600077e+01 -2.057060145480940960e+01 2.057060145468385315e+01 -2.057060145397417372e+01 2.057060145474150659e+01
-3.168571012523167596e+01 -3.168571014134577268e+01 -3.168571013966169758e+01 3.168571013840070449e+01 3.168571013912188050e+01 -3.168571014000000474e+01 -3.168571014017710397e+01 3.168571013922715096e+01 -3.168571013385744450e+01 3.168571013966325722e+01
7.758144104511864647e+00 7.758144092942719894e+00 7.758144094151818493e+00 -7.758144095057153855e+00 -7.758144094539367153e+00 7.758144093908913241e+00 7.758144093781775830e+00 -7.758144094463787610e+00 7.758144098318999760e+00 -7.758144094150693171e+00
-1.415786474045041565e+01 -1.415786474687368646e+01 -1.415786474620237989e+01 1.415786474569976150e+01 1.415786474598721689e+01 -1.415786474633724801e+01 -1.415786474640784398e+01 1.415786474602917622e+01 -1.415786474388873550e+01 1.415786474620301760e+01
-6.373582578816743904e+01 -6.373582578812931843e+01 -6.373582578813329746e+01 6.373582578813626753e+01 6.373582578813459065e+01 -6.373582578813248745e+01 -6.373582578813209665e+01 6.373582578813429933e+01 -6.373582578814704647e+01 6.373582578813330457e+01
-4.924933045821798316e+01 -4.924933042338459188e+01 -4.924933042702500785e+01 4.924933042975091269e+01 4.924933042819190376e+01 -4.924933042629368174e+01 -4.924933042591085552e+01 4.924933042796430982e+01 -4.924933043957188517e+01 4.924933042702168962e+01
-7.374264029287673772e+00 -7.374264021460590790e+00 -7.374264022278591568e+00 7.374264022891097170e+00 7.374264022540792496e+00 -7.374264022114266126e+00 -7.374264022028233612e+00 7.374264022489659176e+00 -7.374264025097889252e+00 7.374264022277839281e+00
-2.188198441686372675e+01 -2.188198438851708261e+01 -2.188198439147958396e+01 2.188198439369785220e+01 2.188198439242917104e+01 -2.188198439088444403e+01 -2.188198439057291367e+01 2.188198439224396452e+01 -2.188198440168997649e+01 2.188198439147686258e+01
-5.616174697749506350e+01 -5.616174696378164555e+01 -5.616174696521482446e+01 5.616174696628797136e+01 5.616174696567422586e+01 -5.616174696492689833e+01 -5.616174696477622774e+01 5.616174696558461221e+01 -5.616174697015437545e+01 5.616174696521352416e+01
1.373517878508732437e+01 1.373517877948582644e+01 1.373517878007123549e+01 -1.373517878050957641e+01 -1.373517878025889516e+01 1.373517877995363357e+01 1.373517877989206859e+01 -1.373517878022228089e+01 1.373517878208887488e+01 -1.373517878007070081e+01
2.464672789681316445e+01 2.464672788509378520e+01 2.464672788631858324e+01 -2.464672788723569141e+01 -2.464672788671117232e+01 2.464672788607253295e+01 2.464672788594373287e+01 -2.464672788663459357e+01 2.464672789053987145e+01 -2.464672788631746769e+01
-1.083694083377293360e+01 -1.083694083851629131e+01 -1.083694083802055985e+01 1.083694083764937943e+01 1.083694083786165940e+01 -1.083694083812015307e+01 -1.083694083817229092e+01 1.083694083789265328e+01 -1.083694083631200655e+01 1.083694083802102526e+01
2.976809299648904883e+01 2.976809299521636021e+01 2.976809299534935604e+01 -2.976809299544895282e+01 -2.976809299539199571e+01 2.976809299532263609e+01 2.976809299530865971e+01 -2.976809299538366815e+01 2.976809299580777335e+01 -2.976809299534923525e+01
1.578527327168618655e+01 1.578527330375987425e+01 1.578527330040785515e+01 -1.578527329789794287e+01 -1.578527329933342038e+01 1.578527330108125426e+01 1.578527330143374918e+01 -1.578527329954298430e+01 1.578527328885499870e+01 -1.578527330041093713e+01
-6.330529130804229965e+01 -6.330529127770309827e+01 -6.330529128087381707e+01 6.330529128324802457e+01 6.330529128189016319e+01 -6.330529128023684393e+01 -6.330529127990342886e+01 6.330529128169192177e+01 -6.330529129180192172e+01 6.330529128087091095e+01
-2.079973917918028214e-01 -2.079973932043391593e-01 -2.079973930567145246e-01 2.079973929461694515e-01 2.079973930093915180e-01 -2.079973930863623643e-01 -2.079973931018768984e-01 2.079973930186134745e-01 -2.079973925479091379e-01 2.079973930568348450e-01
2.036250262657578247e+01 2.036250262085337681e+01 2.036250262145143708e+01 -2.036250262189925664e+01 -2.036250262164314861e+01 2.036250262133130207e+01 2.036250262126841548e+01 -2.036250262160574565e+01 2.036250262351262208e+01 -2.036250262145088286e+01
4.716007780990763365e+01 4.716007779855245730e+01 4.716007779973920577e+01 -4.716007780062777499e+01 -4.716007780011955930e+01 4.716007779950076184e+01 4.716007779937600475e+01 -4.716007780004536443e+01 4.716007780382928871e+01 -4.716007779973811154e+01
1.112092857651316891e+01 1.112092857029494475e+01 1.112092857094480536e+01 -1.112092857143141522e+01 -1.112092857115311695e+01 1.112092857081425024e+01 1.112092857074590313e+01 -1.112092857111247390e+01 1.112092857318459238e+01 -1.112092857094420317e+01
-8.602022190900926901e+00 -8.602022174926087672e+00 -8.602022176595610858e+00 8.602022177845714879e+00 8.602022177130757896e+00 -8.602022176260240016e+00 -8.602022176084656024e+00 8.602022177026391603e+00 -8.602022182349708501e+00 8.602022176594086744e+00
-2.108155591626128711e+01 -2.108155591082820735e+01 -2.108155591139600915e+01 2.108155591182120148e+01 2.108155591157802178e+01 -2.108155591128194573e+01 -2.108155591122223171e+01 2.108155591154251240e+01 -2.108155591335298240e+01 2.108155591139550111e+01
1.699470199687689842e+01 1.699470201800783187e+01 1.699470201579943307e+01 -1.699470201414583315e+01 -1.699470201509156908e+01 1.699470201624305687e+01 1.699470201647530487e+01 -1.699470201522961332e+01 1.699470200818812060e+01 -1.699470201580145456e+01
1.923493817347646839e+01 1.923493821104184676e+01 1.923493820711588853e+01 -1.923493820417623112e+01 -1.923493820585749248e+01 1.923493820790457676e+01 1.923493820831744117e+01 -1.923493820610291749e+01 1.923493819358493795e+01 -1.923493820711951585e+01
2.026630933299395920e+01 2.026630932926958550e+01 2.026630932965882792e+01 -2.026630932995028900e+01 -2.026630932978357791e+01 2.026630932958063624e+01 2.026630932953969833e+01 -2.026630932975926314e+01 2.026630933100033971e+01 -2.026630932965845489e+01
-1.071208710385335383e+00 -1.071208708515457353e+00 -1.071208708710875923e+00 1.071208708857209091e+00 1.071208708773512042e+00 -1.071208708671626209e+00 -1.071208708651077313e+00 1.071208708761304473e+00 -1.071208709384402935e+00 1.071208708710701840e+00
3.724068405682547223e+01 3.724068403919368819e+01 3.724068404103636709e+01 -3.724068404241614161e+01 -3.724068404162698442e+01 3.724068404066617433e+01 3.724068404047240932e+01 -3.724068404151181966e+01 3.724068404738728333e+01 -3.724068404103468310e+01
-1.024128797127372081e+01 -1.024128797718860540e+01 -1.024128797657042789e+01 1.024128797610755370e+01 1.024128797637227883e+01 -1.024128797669461655e+01 -1.024128797675961344e+01 1.024128797641094124e+01 -1.024128797443991168e+01 1.024128797657099810e+01
-7.497216586842958463e+01 -7.497216586132640259e+01 -7.497216586206872080e+01 7.497216586262459259e+01 7.497216586230668156e+01 -7.497216586191959209e+01 -7.497216586184156029e+01 7.497216586226024049e+01 -7.497216586462725729e+01 7.497216586206805289e+01
-1.022656592041616008e+01 -1.022656593161351957e+01 -1.022656593044328233e+01 1.022656592956704813e+01 1.022656593006817793e+01 -1.022656593067837782e+01 -1.022656593080142962e+01 1.022656593014133541e+01 -1.022656592641001794e+01 1.022656593044436768e+01
-9.999999999999998579e+01 -1.000000000000000000e+02 -1.000000000000000000e+02 9.999999999999998579e+01 1.000000000000000000e+02 -1.000000000000000000e+02 -1.000000000000000000e+02 1.000000000000000000e+02 -1.000000000000000000e+02 1.000000000000000000e+02
2.629101977836824755e+00 2.629101973411574367e+00 2.629101973874063969e+00 -2.629101974220354077e+00 -2.629101974022295618e+00 2.629101973781151180e+00 2.629101973732517639e+00 -2.629101973993382746e+00 2.629101975468020935e+00 -2.629101973873644749e+00
2.253482822271198671e+01 2.253482820410318510e+01 2.253482820604798675e+01 -2.253482820750418014e+01 -2.253482820667136366e+01 2.253482820565728773e+01 2.253482820545277221e+01 -2.253482820654977914e+01 2.253482821275081349e+01 -2.253482820604619974e+01
-7.004719643295626952e+01 -7.004719642491515685e+01 -7.004719642575551575e+01 7.004719642638480082e+01 7.004719642602491092e+01 -7.004719642558670500e+01 -7.004719642549837033e+01 7.004719642597234497e+01 -7.004719642865188689e+01 7.004719642575477678e+01
3.968542354226354973e+01 3.968542352852384880e+01 3.968542352995977041e+01 -3.968542353103497078e+01 -3.968542353042003157e+01 3.968542352967131137e+01 3.968542352952031393e+01 -3.968542353033027581e+01 3.968542353490877161e+01 -3.968542352995846301e+01
3.956478915867503332e+01 3.956478915801092455e+01 3.956478915808032326e+01 -3.956478915813226394e+01 -3.956478915810254193e+01 3.956478915806636110e+01 3.956478915805907803e+01 -3.956478915809821473e+01 3.956478915831953458e+01 -3.956478915808025221e+01
3.557659405660691476e+01 3.557659404541682591e+01 3.557659404658627977e+01 -3.557659404746195975e+01 -3.557659404696114791e+01 3.557659404635134592e+01 3.557659404622837229e+01 -3.557659404688802596e+01 3.557659405061694002e+01 -3.557659404658521396e+01
1.333225606377504846e+01 1.333225605219970866e+01 1.333225605340944142e+01 -1.333225605431526262e+01 -1.333225605379721301e+01 1.333225605316641094e+01 1.333225605303921135e+01 -1.333225605372157929e+01 1.333225605757885113e+01 -1.333225605340833120e+01
8.100900162958113881e+00 8.100900146711186522e+00 8.100900148409143853e+00 -8.100900149680521523e+00 -8.100900148953410707e+00 8.100900148068024720e+00 8.100900147889479541e+00 -8.100900148847257398e+00 8.100900154261246655e+00 -8.100900148407575330e+00
-6.975814409084319934e+00 -6.975814396810677387e+00 -6.975814398093377555e+00 6.975814399053856363e+00 6.975814398504539326e+00 -6.975814397835705449e+00 -6.975814397700792036e+00 6.975814398424336815e+00 -6.975814402514306956e+00 6.975814398092208712e+00
-7.518763350920023925e+01 -7.518763345296748923e+01 -7.518763345884434557e+01 7.518763346324482200e+01 7.518763346072810805e+01 -7.518763345766370776e+01 -7.518763345704572032e+01 7.518763346036067219e+01 -7.518763347909923311e+01 7.518763345883895965e+01
-1.728808268303067308e+01 -1.728808268366886480e+01 -1.728808268360217326e+01 1.728808268355222921e+01 1.728808268358078237e+01 -1.728808268361555989e+01 -1.728808268362257650e+01 1.728808268358495681e+01 -1.728808268337228782e+01 1.728808268360223011e+01
3.057880377637653879e+01 3.057880376337026718e+01 3.057880376472954609e+01 -3.057880376574733461e+01 -3.057880376516523668e+01 3.057880376445644544e+01 3.057880376431352687e+01 -3.057880376508023446e+01 3.057880376941436751e+01 -3.057880376472828488e+01
2.342878316751758661e+01 2.342878315907183406e+01 2.342878315995450222e+01 -2.342878316061541710e+01 -2.342878316023741547e+01 2.342878315977717563e+01 2.342878315968436098e+01 -2.342878316018223472e+01 2.342878316299663766e+01 -2.342878315995368155e+01
2.123401874913758647e+01 2.123401874832352121e+01 2.123401874840861225e+01 -2.123401874847230175e+01 -2.123401874843587933e+01 2.123401874839150594e+01 2.123401874838256731e+01 -2.123401874843055381e+01 2.123401874870181061e+01 -2.123401874840853765e+01
2.648561998381830307e+01 2.648561997038211047e+01 2.648561997178632055e+01 -2.648561997283776392e+01 -2.648561997223642095e+01 2.648561997150421377e+01 2.648561997135656654e+01 -2.648561997214862274e+01 2.648561997662600476e+01 -2.648561997178505578e+01
1.522890592846294577e+00 1.522890599126438538e+00 1.522890598470097778e+00 -1.522890597978644900e+00 -1.522890598259722061e+00 1.522890598601958967e+00 1.522890598670976869e+00 -1.522890598300748355e+00 1.522890596208008152e+00 -1.522890598470699519e+00
2.980288000032198781e+01 2.980287998297277596e+01 2.980287998478592471e+01 -2.980287998614360845e+01 -2.980287998536711314e+01 2.980287998442167918e+01 2.980287998423100149e+01 -2.980287998525376736e+01 2.980287999103506280e+01 -2.980287998478427269e+01
3.312711302270574265e+01 3.312711301493484939e+01 3.312711301574694289e+01 -3.312711301635508931e+01 -3.312711301600727865e+01 3.312711301558381649e+01 3.312711301549842347e+01 -3.312711301595648905e+01 3.312711301854599810e+01 -3.312711301574620393e+01
-6.692872490100516103e+00 -6.692872490924670181e+00 -6.692872490838531085e+00 6.692872490774044003e+00 6.692872490810926500e+00 -6.692872490855839018e+00 -6.692872490864891333e+00 6.692872490816314190e+00 -6.692872490541680541e+00 6.692872490838609245e+00
-4.507882346076848279e+01 -4.507882346573843080e+01 -4.507882346521900274e+01 4.507882346483008718e+01 4.507882346505252258e+01 -4.507882346532333884e+01 -4.507882346537798668e+01 4.507882346508498728e+01 -4.507882346342884716e+01 4.507882346521948591e+01
-1.460736647371465402e+01 -1.460736647681527955e+01 -1.460736647649121700e+01 1.460736647624857731e+01 1.460736647638734631e+01 -1.460736647655631693e+01 -1.460736647659040877e+01 1.460736647640761277e+01 -1.460736647537438593e+01 1.460736647649153142e+01
1.922644568499196538e+01 1.922644567211144917e+01 1.922644567345756528e+01 -1.922644567446554120e+01 -1.922644567388905301e+01 1.922644567318713271e+01 1.922644567304557484e+01 -1.922644567380491765e+01 1.922644567809710736e+01 -1.922644567345632538e+01
-1.974792899371241006e+01 -1.974792899982773164e+01 -1.974792899918862688e+01 1.974792899871006568e+01 1.974792899898375609e+01 -1.974792899931701839e+01 -1.974792899938422153e+01 1.974792899902370991e+01 -1.974792899698589821e+01 1.974792899918922018e+01
-1.948264706793927559e+01 -1.948264705085082937e+01 -1.948264705263674657e+01 1.948264705397398799e+01 1.948264705320918466e+01 -1.948264705227796156e+01 -1.948264705209015446e+01 1.948264705309752287e+01 -1.948264705879195446e+01 1.948264705263510521e+01
1.266209136593766083e+01 1.266209136182872719e+01 1.266209136225816501e+01 -1.266209136257971402e+01 -1.266209136239579713e+01 1.266209136217189624e+01 1.266209136212674302e+01 -1.266209136236896882e+01 1.266209136373818112e+01 -1.266209136225775822e+01
2.298713267470205324e+01 2.298713267041606656e+01 2.298713267086399270e+01 -2.298713267119940085e+01 -2.298713267100755786e+01 2.298713267077400957e+01 2.298713267072690059e+01 -2.298713267097954827e+01 2.298713267240779601e+01 -2.298713267086357348e+01
3.357829202078983144e+01 3.357829201297367661e+01 3.357829201379053785e+01 -3.357829201440219435e+01 -3.357829201405237285e+01 3.357829201362644511e+01 3.357829201354053339e+01 -3.357829201400131325e+01 3.357829201660590002e+01 -3.357829201378978468e+01
1.122100168824891142e+01 1.122100167756169853e+01 1.122100167867861309e+01 -1.122100167951496985e+01 -1.122100167903661294e+01 1.122100167845423435e+01 1.122100167833678697e+01 -1.122100167896679856e+01 1.122100168252813823e+01 -1.122100167867760412e+01
-1.382302478273462398e+01 -1.382302478532298373e+01 -1.382302478505246768e+01 1.382302478484993102e+01 1.382302478496576725e+01 -1.382302478510681354e+01 -1.382302478513526012e+01 1.382302478498266574e+01 -1.382302478412013436e+01 1.382302478505273768e+01
-7.022807395057782287e+00 -7.022807367512242216e+00 -7.022807370391014992e+00 7.022807372546589377e+00 7.022807371313769309e+00 -7.022807369812706924e+00 -7.022807369509961539e+00 7.022807371133800380e+00 -7.022807380312849901e+00 7.022807370388368220e+00
-3.319164594235757448e+01 -3.319164594334662866e+01 -3.319164594324325890e+01 3.319164594316585237e+01 3.319164594321010497e+01 -3.319164594326400675e+01 -3.319164594327487805e+01 3.319164594321656381e+01 -3.319164594288698567e+01 3.319164594324335837e+01
1.283348109608955845e+01 1.283348112678303288e+01 1.283348112357527171e+01 -1.283348112117338324e+01 -1.283348112254708440e+01 1.283348112421968779e+01 1.283348112455702150e+01 -1.283348112274760666e+01 1.283348111251957135e+01 -1.283348112357824355e+01
3.901874905927344628e+01 3.901874906488469463e+01 3.901874906429824819e+01 -3.901874906385914699e+01 -3.901874906411028121e+01 3.901874906441606328e+01 3.901874906447775970e+01 -3.901874906414694522e+01 3.901874906227709516e+01 -3.901874906429877399e+01
1.725740249251800051e+01 1.725740249073956889e+01 1.725740249092542911e+01 -1.725740249106458890e+01 -1.725740249098499390e+01 1.725740249088806877e+01 1.725740249086855016e+01 -1.725740249097339074e+01 1.725740249156600825e+01 -1.725740249092526213e+01
2.468061857159669970e+01 2.468061856437236301e+01 2.468061856512737862e+01 -2.468061856569272194e+01 -2.468061856536939302e+01 2.468061856497570261e+01 2.468061856489633499e+01 -2.468061856532220588e+01 2.468061856772956730e+01 -2.468061856512667873e+01
2.897541580557363261e+01 2.897541578731993184e+01 2.897541578922760408e+01 -2.897541579065605788e+01 -2.897541578983910071e+01 2.897541578884436575e+01 2.897541578864376532e+01 -2.897541578971982190e+01 2.897541579580254734e+01 -2.897541578922584904e+01
4.866631303317094925e+00 4.866631294987723066e+00 4.866631295858229400e+00 -4.866631296510034232e+00 -4.866631296137246210e+00 4.866631295683343517e+00 4.866631295591807849e+00 -4.866631296082816860e+00 4.866631298858441035e+00 -4.866631295857422046e+00
3.477407381291567390e+01 3.477407380415471749e+01 3.477407380507031576e+01 -3.477407380575590423e+01 -3.477407380536378412e+01 3.477407380488638466e+01 3.477407380479008481e+01 -3.477407380530653569e+01 3.477407380822597815e+01 -3.477407380506946311e+01
-7.893313198163562028e+00 -7.893313172151088075e+00 -7.893313174869643234e+00 7.893313176905248696e+00 7.893313175741044851e+00 -7.893313174323515646e+00 -7.893313174037624336e+00 7.893313175571088358e+00 -7.893313184239266533e+00 7.893313174867149229e+00
-3.587924204604250100e+00 -3.587924191258900386e+00 -3.587924192653618949e+00 3.587924193697961339e+00 3.587924193100682668e+00 -3.587924192373438625e+00 -3.587924192226769726e+00 3.587924193013499519e+00 -3.587924197460582221e+00 3.587924192652338196e+00
-1.991329737419123802e+01 -1.991329738892258305e+01 -1.991329738738300392e+01 1.991329738623020873e+01 1.991329738688952133e+01 -1.991329738769229252e+01 -1.991329738785419323e+01 1.991329738698576080e+01 -1.991329738207678801e+01 1.991329738738443922e+01
9.435099618572384550e-01 9.435099820012571303e-01 9.435099798960179251e-01 -9.435099783196402301e-01 -9.435099792212116032e-01 9.435099803189319623e-01 9.435099805403244222e-01 -9.435099793528120005e-01 9.435099726401916520e-01 -9.435099798979371677e-01
-3.945660806145625088e+01 -3.945660805095229051e+01 -3.945660805205005772e+01 3.945660805287203488e+01 3.945660805240192559e+01 -3.945660805182951947e+01 -3.945660805171408470e+01 3.945660805233329427e+01 -3.945660805583355568e+01 3.945660805204905586e+01
-7.558727993138754186e+01 -7.558727993752788166e+01 -7.558727993688614788e+01 7.558727993640563625e+01 7.558727993668045997e+01 -7.558727993701504033e+01 -7.558727993708255610e+01 7.558727993672054879e+01 -7.558727993467439887e+01 7.558727993688673052e+01
1.353656266414631304e+01 1.353656266101030781e+01 1.353656266133805097e+01 -1.353656266158345112e+01 -1.353656266144309406e+01 1.353656266127219787e+01 1.353656266123774365e+01 -1.353656266142260733e+01 1.353656266246764162e+01 -1.353656266133774011e+01
7.420528133254432390e+00 7.420528126607718100e+00 7.420528127302376653e+00 -7.420528127822499265e+00 -7.420528127525026996e+00 7.420528127162821619e+00 7.420528127089773385e+00 -7.420528127481602176e+00 7.420528129696487341e+00 -7.420528127301731836e+00
1.629006531565386595e+01 1.629006530480479142e+01 1.629006530593862223e+01 -1.629006530678763909e+01 -1.629006530630207550e+01 1.629006530571083999e+01 1.629006530559163224e+01 -1.629006530623118820e+01 1.629006530984642964e+01 -1.629006530593757063e+01
9.616584358366939256e+00 9.616584392794923275e+00 9.616584389196869864e+00 -9.616584386502719184e+00 -9.616584388043552423e+00 9.616584389919665909e+00 9.616584390298061891e+00 -9.616584388268485384e+00 9.616584376795984213e+00 -9.616584389200172112e+00
-2.419760241891346197e+01 -2.419760243046472326e+01 -2.419760242925750759e+01 2.419760242835355513e+01 2.419760242887054602e+01 -2.419760242950002294e+01 -2.419760242962698271e+01 2.419760242894600566e+01 -2.419760242509676829e+01 2.419760242925862670e+01
-4.208048121353808568e+01 -4.208048118039319974e+01 -4.208048118385715952e+01 4.208048118645092472e+01 4.208048118496749623e+01 -4.208048118316128239e+01 -4.208048118279702265e+01 4.208048118475091570e+01 -4.208048119579585489e+01 4.208048118385397629e+01
