3.513975908084878341e+01 3.513975908485821265e+01 -3.513975908563938333e+01 -3.513975907976747237e+01 -3.513975908653718960e+01
-7.854511106143336363e+00 -7.854511113798656297e+00 7.854511115290188528e+00 7.854511104078761186e+00 7.854511117004399523e+00
-2.207577243880595574e+01 -2.207577245982437475e+01 2.207577246391952031e+01 2.207577243313744475e+01 2.207577246862607367e+01
1.521539576442236097e+01 1.521539576891427537e+01 -1.521539576978946862e+01 -1.521539576321093357e+01 -1.521539577079533601e+01
7.075532794449266305e+01 7.075532795492510729e+01 -7.075532795695772847e+01 -7.075532794167909856e+01 -7.075532795929379404e+01
-1.912228289805697301e+01 -1.912228291364241528e+01 1.912228291667901914e+01 1.912228289385370417e+01 1.912228292016898834e+01
1.091697349630878300e+01 1.091697349728103816e+01 -1.091697349747046175e+01 -1.091697349604657141e+01 -1.091697349768817382e+01
-5.933133063251933947e+01 -5.933133064753658203e+01 5.933133065046247623e+01 5.933133062846932404e+01 5.933133065382521210e+01
-1.040501113069048955e+01 -1.040501113764147156e+01 1.040501113899576779e+01 1.040501112881587176e+01 1.040501114055226495e+01
-7.099363101503475093e+01 -7.099363102133580128e+01 7.099363102256347702e+01 7.099363101333541692e+01 7.099363102397443015e+01
2.196360680757465289e+01 2.196360681488782873e+01 -2.196360681631269429e+01 -2.196360680560236034e+01 -2.196360681795031766e+01
2.038424890885354301e+01 2.038424891616011436e+01 -2.038424891758369739e+01 -2.038424890688301971e+01 -2.038424891921984639e+01
1.610750790534531163e+01 1.610750790712012659e+01 -1.610750790746592997e+01 -1.610750790486667938e+01 -1.610750790786333297e+01
2.456947415277782554e+01 2.456947416024155117e+01 -2.456947416169576570e+01 -2.456947415076491836e+01 -2.456947416336706880e+01
3.418207981402095896e+01 3.418207981767671555e+01 -3.418207981838902043e+01 -3.418207981303499565e+01 -3.418207981920763672e+01
5.058576706684136326e+01 5.058576707942361139e+01 -5.058576708187507620e+01 -5.058576706344805274e+01 -5.058576708469256999e+01
-1.226053649339653440e+01 -1.226053651271942613e+01 1.226053651648420306e+01 1.226053648818529496e+01 1.226053652081109746e+01
7.742479132435774147e+01 7.742479134084580039e+01 -7.742479134405826358e+01 -7.742479131991103714e+01 -7.742479134775035732e+01
-2.347577208836696627e+01 -2.347577207385214848e+01 2.347577207102416708e+01 2.347577209228152384e+01 2.347577206777392078e+01
2.133747060393104178e+01 2.133747060327721456e+01 -2.133747060314982491e+01 -2.133747060410739849e+01 -2.133747060300342469e+01
3.636267094634656871e+01 3.636267095851975739e+01 -3.636267096089150641e+01 -3.636267094306352732e+01 -3.636267096361739704e+01
-6.130543607886477986e+01 -6.130543607474510992e+01 6.130543607394245953e+01 6.130543607997583422e+01 6.130543607301994058e+01
-7.888752979336821625e+01 -7.888752979377986208e+01 7.888752979386009656e+01 7.888752979325720105e+01 7.888752979395226816e+01
-9.394461220514979516e+01 -9.394461220201461060e+01 9.394461220140378543e+01 9.394461220599534101e+01 9.394461220070174079e+01
4.048977513092562930e+01 4.048977513674365269e+01 -4.048977513787720284e+01 -4.048977512935654488e+01 -4.048977513918001137e+01
-1.001615094859938715e+01 -1.001615096111929759e+01 1.001615096355862278e+01 1.001615094522285787e+01 1.001615096636215085e+01
1.807064465971789957e+01 1.807064466256921875e+01 -1.807064466312477435e+01 -1.807064465894891825e+01 -1.807064466376326095e+01
4.416516607707752229e+00 4.416516616389724703e+00 -4.416516618081276491e+00 -4.416516605366287429e+00 -4.416516620025401352e+00
3.433974780091792667e+01 3.433974780489730705e+01 -3.433974780567262286e+01 -3.433974779984473713e+01 -3.433974780656372872e+01
2.503583565274605505e+01 2.503583565728451532e+01 -2.503583565816878931e+01 -2.503583565152205281e+01 -2.503583565918506437e+01
-1.302604106630540315e+01 -1.302604107191855753e+01 1.302604107301220715e+01 1.302604106479158297e+01 1.302604107426912528e+01
2.376499263356526370e+01 2.376499263612924651e+01 -2.376499263662882910e+01 -2.376499263287376351e+01 -2.376499263720296540e+01
-1.603103542546147864e+01 -1.603103542260673109e+01 1.603103542205052534e+01 1.603103542623140143e+01 1.603103542141127491e+01
4.242488446907506727e+01 4.242488447992610645e+01 -4.242488448204029083e+01 -4.242488446614859754e+01 -4.242488448447010541e+01
4.312488171599525089e+01 4.312488172348252391e+01 -4.312488172494133210e+01 -4.312488171397598791e+01 -4.312488172661790742e+01
-2.575367081580228401e+01 -2.575367081272880654e+01 2.575367081212997533e+01 2.575367081663119606e+01 2.575367081144173298e+01
-7.688661665652124100e+01 -7.688661665868175987e+01 7.688661665910268539e+01 7.688661665593859595e+01 7.688661665958646552e+01
7.498441526791438605e+01 7.498441528086043206e+01 -7.498441528338277351e+01 -7.498441526442294958e+01 -7.498441528628173103e+01
1.962065670335458734e+01 1.962065670344728829e+01 -1.962065670346534674e+01 -1.962065670332960465e+01 -1.962065670348608748e+01
3.933670248901257338e+01 3.933670249710197453e+01 -3.933670249867805069e+01 -3.933670248683089454e+01 -3.933670250048947281e+01
6.474379717937976508e+00 6.474379724464247587e+00 -6.474379725735797564e+00 -6.474379716177887545e+00 -6.474379727197205447e+00
-2.057060145558119757e+01 -2.057060145421761277e+01 2.057060145395195150e+01 2.057060145594894252e+01 2.057060145364659576e+01
-3.168571014601662483e+01 -3.168571013569947326e+01 3.168571013368931233e+01 3.168571014879908887e+01 3.168571013137902170e+01
7.758144089589294801e+00 7.758144096996517192e+00 -7.758144098439688996e+00 -7.758144087591620774e+00 -7.758144100098373741e+00
-1.415786474873554468e+01 -1.415786474462299260e+01 1.415786474382172067e+01 1.415786474984468057e+01 1.415786474290082531e+01
-6.373582578811826949e+01 -6.373582578814265531e+01 6.373582578814743727e+01 6.373582578811171118e+01 6.373582578815288002e+01
-4.924933041328777250e+01 -4.924933043559004631e+01 4.924933043993533488e+01 4.924933040727301403e+01 4.924933044492939160e+01
-7.374264019191827835e+00 -7.374264024203162293e+00 7.374264025179551041e+00 7.374264017840301833e+00 7.374264026301721842e+00
-2.188198438030052273e+01 -2.188198439844963161e+01 2.188198440198573635e+01 2.188198437540583896e+01 2.188198440604977790e+01
-5.616174695980666343e+01 -5.616174696858676185e+01 5.616174697029744323e+01 5.616174695743875134e+01 5.616174697226352919e+01
1.373517877786217589e+01 1.373517878144856752e+01 -1.373517878214732413e+01 -1.373517877689494782e+01 -1.373517878295040440e+01
2.464672788169683315e+01 2.464672788920022128e+01 -2.464672789066214520e+01 -2.464672787967321455e+01 -2.464672789234233719e+01
-1.083694083989120038e+01 -1.083694083685423060e+01 1.083694083626252080e+01 1.083694084071025188e+01 1.083694083558246390e+01
2.976809299484744642e+01 2.976809299566229683e+01 -2.976809299582105339e+01 -2.976809299462769687e+01 -2.976809299600352787e+01
1.578527331305677173e+01 1.578527329252138323e+01 -1.578527328852036682e+01 -1.578527331859502603e+01 -1.578527328392195983e+01
-6.330529126890894531e+01 -6.330529128833380526e+01 6.330529129211847561e+01 6.330529126367023451e+01 6.330529129646818376e+01
-2.079973936137696766e-01 -2.079973927093771713e-01 2.079973925331777551e-01 2.079973938576791803e-01 2.079973923306624728e-01
2.036250261919469651e+01 2.036250262285849644e+01 -2.036250262357233254e+01 -2.036250261820659802e+01 -2.036250262439274294e+01
4.716007779526104571e+01 4.716007780253126924e+01 -4.716007780394775040e+01 -4.716007779330031724e+01 -4.716007780557573881e+01
1.112092856849252698e+01 1.112092857247377964e+01 -1.112092857324947204e+01 -1.112092856741881697e+01 -1.112092857414097935e+01
-8.602022170295613890e+00 -8.602022180523613670e+00 8.602022182516378734e+00 8.602022167537198172e+00 8.602022184806680016e+00
-2.108155590925337464e+01 -2.108155591273193252e+01 2.108155591340967661e+01 2.108155590831523796e+01 2.108155591418860553e+01
1.699470202413282749e+01 1.699470201060362839e+01 -1.699470200796767116e+01 -1.699470202778154970e+01 -1.699470200493810879e+01
1.923493822193058378e+01 1.923493819787908876e+01 -1.923493819319301323e+01 -1.923493822841708223e+01 -1.923493818780726983e+01
2.026630932819004016e+01 2.026630933057458606e+01 -2.026630933103918508e+01 -2.026630932754696346e+01 -2.026630933157314729e+01
-1.071208707973450691e+00 -1.071208709170652806e+00 1.071208709403918879e+00 1.071208707650580072e+00 1.071208709671989556e+00
3.724068403408291772e+01 3.724068404537177912e+01 -3.724068404757127837e+01 -3.724068403103839842e+01 -3.724068405009911942e+01
-1.024128797890307219e+01 -1.024128797511604461e+01 1.024128797437819749e+01 1.024128797992441875e+01 1.024128797353017539e+01
-7.497216585926744870e+01 -7.497216586381529169e+01 7.497216586470138111e+01 7.497216585804095246e+01 7.497216586571974517e+01
-1.022656593485919174e+01 -1.022656592769001627e+01 1.022656592629319050e+01 1.022656593679267090e+01 1.022656592468781689e+01
-1.000000000000000000e+02 -1.000000000000000000e+02 1.000000000000000000e+02 1.000000000000000000e+02 1.000000000000000000e+02
2.629101972128881748e+00 2.629101974962158916e+00 -2.629101975514187561e+00 -2.629101971364751211e+00 -2.629101976148644493e+00
2.253482819870921361e+01 2.253482821062361907e+01 -2.253482821294497995e+01 -2.253482819549597593e+01 -2.253482821561290805e+01
-7.004719642258437773e+01 -7.004719642773272881e+01 7.004719642873583041e+01 7.004719642119592038e+01 7.004719642988862915e+01
3.968542352454125677e+01 3.968542353333815953e+01 -3.968542353505214493e+01 -3.968542352216876168e+01 -3.968542353702196834e+01
3.956478915781840300e+01 3.956478915824360598e+01 -3.956478915832646948e+01 -3.956478915770372851e+01 -3.956478915842165378e+01
3.557659404217326937e+01 3.557659404933778546e+01 -3.557659405073368220e+01 -3.557659404024103367e+01 -3.557659405233798822e+01
1.333225604884447435e+01 1.333225605625565535e+01 -1.333225605769962208e+01 -1.333225604684573895e+01 -1.333225605935918523e+01
8.100900142001837168e+00 8.100900152404038934e+00 -8.100900154430766165e+00 -8.100900139196442140e+00 -8.100900156760076243e+00
-6.975814393253009449e+00 -6.975814401111295915e+00 6.975814402642365408e+00 6.975814391133686065e+00 6.975814404402046698e+00
-7.518763343666782362e+01 -7.518763347267119457e+01 7.518763347968595667e+01 7.518763342695800134e+01 7.518763348774801614e+01
-1.728808268385384750e+01 -1.728808268344524635e+01 1.728808268336563359e+01 1.728808268396404912e+01 1.728808268327412634e+01
3.057880375960024821e+01 3.057880376792761723e+01 -3.057880376955005985e+01 -3.057880375735443224e+01 -3.057880377141479400e+01
2.342878315662376210e+01 2.342878316203117706e+01 -2.342878316308475917e+01 -2.342878315516539800e+01 -2.342878316429561281e+01
2.123401874808756062e+01 2.123401874860876504e+01 -2.123401874871031225e+01 -2.123401874794701882e+01 -2.123401874882702955e+01
2.648561996648749783e+01 2.648561997509009558e+01 -2.648561997676619129e+01 -2.648561996416742303e+01 -2.648561997869251528e+01
1.522890600946799289e+00 1.522890596925899453e+00 -1.522890596142478570e+00 -1.522890602031217400e+00 -1.522890595242102130e+00
2.980287997794391686e+01 2.980287998905185276e+01 -2.980287999121609488e+01 -2.980287997494820473e+01 -2.980287999370346341e+01
3.312711301268238628e+01 3.312711301765773442e+01 -3.312711301862711366e+01 -3.312711301134056185e+01 -3.312711301974120204e+01
-6.692872491163556425e+00 -6.692872490635889626e+00 6.692872490533078533e+00 6.692872491305869254e+00 6.692872490414915276e+00
-4.507882346717901356e+01 -4.507882346399696871e+01 4.507882346337699175e+01 4.507882346803719287e+01 4.507882346266443818e+01
-1.460736647771402374e+01 -1.460736647572881530e+01 1.460736647534202959e+01 1.460736647824941947e+01 1.460736647489749451e+01
1.922644566837786684e+01 1.922644567662470649e+01 -1.922644567823150297e+01 -1.922644566615376149e+01 -1.922644568007817156e+01
-1.974792900160032616e+01 -1.974792899768494081e+01 1.974792899692209147e+01 1.974792900265627438e+01 1.974792899604533503e+01
-1.948264704589757557e+01 -1.948264705683854459e+01 1.948264705897026516e+01 1.948264704294686922e+01 1.948264706142020586e+01
1.266209136063772256e+01 1.266209136326849638e+01 -1.266209136378105882e+01 -1.266209135992823676e+01 -1.266209136437015914e+01
2.298713266917373943e+01 2.298713267191785903e+01 -2.298713267245248915e+01 -2.298713266843367009e+01 -2.298713267306698071e+01
3.357829201070808978e+01 3.357829201571241384e+01 -3.357829201668746322e+01 -3.357829200935846359e+01 -3.357829201780806017e+01
1.122100167446391694e+01 1.122100168130645770e+01 -1.122100168263965791e+01 -1.122100167261853265e+01 -1.122100168417184030e+01
-1.382302478607323515e+01 -1.382302478441602211e+01 1.382302478409314617e+01 1.382302478652018074e+01 1.382302478372204924e+01
-7.022807359527876159e+00 -7.022807377164086873e+00 7.022807380600249338e+00 7.022807354771525290e+00 7.022807384549445864e+00
-3.319164594363330423e+01 -3.319164594300005433e+01 3.319164594287666148e+01 3.319164594380409028e+01 3.319164594273487978e+01
1.283348113567986815e+01 1.283348111602817454e+01 -1.283348111219932086e+01 -1.283348114097980108e+01 -1.283348110779880535e+01
3.901874906651117669e+01 3.901874906291852341e+01 -3.901874906221853934e+01 -3.901874906748008698e+01 -3.901874906141404153e+01
1.725740249022407369e+01 1.725740249136272908e+01 -1.725740249158458539e+01 -1.725740248991699843e+01 -1.725740249183953523e+01
2.468061856227832607e+01 2.468061856690374611e+01 -2.468061856780494878e+01 -2.468061856103089369e+01 -2.468061856884069627e+01
2.897541578202889667e+01 2.897541579371595688e+01 -2.897541579599300832e+01 -2.897541577887697883e+01 -2.897541579861004024e+01
4.866631292573372569e+00 4.866631297906278242e+00 -4.866631298945336859e+00 -4.866631291135112392e+00 -4.866631300139543370e+00
3.477407380161525197e+01 3.477407380722450370e+01 -3.477407380831739658e+01 -3.477407380010247806e+01 -3.477407380957345850e+01
-7.893313164611098998e+00 -7.893313181265751766e+00 7.893313184510670766e+00 7.893313160119459937e+00 7.893313188240075107e+00
-3.587924187390614694e+00 -3.587924195935059402e+00 3.587924197599824616e+00 3.587924185086243778e+00 3.587924199513132795e+00
-1.991329739319260028e+01 -1.991329738376076364e+01 1.991329738192311183e+01 1.991329739573631130e+01 1.991329737981108394e+01
9.435099878402175566e-01 9.435099749428728089e-01 -9.435099724300095581e-01 -9.435099913185350795e-01 -9.435099695419711940e-01
-3.945660804790761489e+01 -3.945660805463283083e+01 3.945660805594314979e+01 3.945660804609387640e+01 3.945660805744908828e+01
-7.558727993930770594e+01 -7.558727993537632983e+01 7.558727993461033634e+01 7.558727994036799203e+01 7.558727993372998810e+01
1.353656266010131048e+01 1.353656266210914971e+01 -1.353656266250034612e+01 -1.353656265955979876e+01 -1.353656266294996691e+01
7.420528124681099236e+00 7.420528128936696888e+00 -7.420528129765838976e+00 -7.420528123533401299e+00 -7.420528130718777149e+00
1.629006530166009625e+01 1.629006530860628033e+01 -1.629006530995962621e+01 -1.629006529978676099e+01 -1.629006531151507176e+01
9.616584402774241980e+00 9.616584380731502790e+00 -9.616584376436781767e+00 -9.616584408719004884e+00 -9.616584371500858097e+00
-2.419760243381298181e+01 -2.419760242641720538e+01 2.419760242497625313e+01 2.419760243580756764e+01 2.419760242332014144e+01
-4.208048117078582351e+01 -4.208048119200702786e+01 4.208048119614167604e+01 4.208048116506262204e+01 4.208048120089365085e+01
