-4.578080967694305059e+01 6.770925676560577244e+01 3.664466717486091207e-01 1.325819811292382155e+01 -7.100773724064169734e+00 5.018321948702671165e+01 -4.704020788359726168e+01 6.454938902776669352e+01 1.000000000000000000e+02 -5.982983241174585487e+01
-1.656657205961694856e+01 -7.418772381637552371e+00 -1.355045996261903918e+00 9.194189489783520131e+00 1.092718187414352826e+01 -1.289012149794825568e+01 -1.819898244954838518e+01 -2.066493168025230531e+01 -1.796802038535924595e+01 -4.581357854286111753e+00
1.404344893648266002e+01 3.281362826584550252e+00 1.734316437222474150e+01 -1.753443010365368337e+01 -7.253238569700664051e+00 -5.594520166464754807e-01 1.161448255894027071e+01 2.017533337227805035e+01 3.144098775972969761e+01 1.213276344511203853e+01
2.810868202546963346e+01 1.544399526628937735e+01 2.540586777864784196e+01 -6.751204631306793047e+00 -6.767542667343343510e+01 2.414772587018997285e+01 2.479200932581492367e+01 3.849538042349781364e+01 4.140183046185853755e+01 4.133730120868465718e+01
1.539211914497745859e+00 8.838311914519778156e+00 1.506929206964411883e+01 1.953993569498634786e+00 -4.116618227467998103e+00 6.533172387658126468e+00 -4.114748442170366616e+00 1.520888294931064921e+00 -1.835606445998128322e+01 2.333489191538649976e+00
-1.821050471766183776e+01 9.610118750290286282e-01 -1.077025115187234228e+01 -2.771087056988720043e+00 2.218095952008610894e+01 -1.393475056182540861e+01 -1.523608028046275997e+01 -2.315531154911176515e+01 -2.148097736890857590e+01 -1.299531189354856586e+01
8.593435477309518955e-01 -1.986290455337906602e+00 1.273078120850545947e+00 -1.244088346011915647e+01 3.278738796802994848e+00 -8.616971480203845957e+00 -7.925976010324566445e+00 -1.547470294913937572e+01 -1.106075569124354274e+01 1.062613845212969288e+01
-7.799582802189528152e+00 1.308929764211125146e+01 -5.634459210869401602e+00 -2.594179116208743352e+01 -2.277213645128322739e+01 -6.168440452827669063e+00 -1.671101462351340716e+00 7.178025680089152871e+00 2.891018842835567426e+01 -6.618360286838209205e+00
2.115310440737927955e+00 -3.040393062335549246e+01 -8.769349381430227197e+01 3.214449008715237710e+01 2.457597759008878668e+01 -2.898534239097302745e+01 1.000000000000000000e+02 9.997822770371824674e+01 -2.471328192344186192e+01 -4.137706586602362080e+01
-1.241774243468191941e+01 -7.787289322643457190e+00 -1.001039899715929593e+01 2.078038530837353903e+00 1.429500517509610980e+01 -1.394171411494591162e+01 -8.714384302727120613e+00 -8.969210192944515825e+00 -2.658937861620461618e+01 -1.471854481637031853e+01
5.767817673038837967e+00 -3.149690462276068814e+01 1.462794979640163184e+01 -1.148812681783097744e+01 -1.248004449120740311e+01 -9.648410973401487567e+00 4.608171527473428064e+00 1.639937876626644098e+01 -3.556239598394995149e-01 4.755896250095314315e+01
-9.654153100672067112e+00 1.499189588759461600e+01 -4.169726679135000502e+00 -4.607530225539249180e+00 6.065824178047278803e-01 -3.138686390790010439e+00 -1.624841883908729301e+01 3.444200163507373791e+00 -3.713467638733318310e+00 -1.644875435457865009e+01
-7.985754399912909918e+00 -1.447273246766111798e+00 -3.899235097074055911e+00 -1.635400454355496747e+00 2.839856955884482304e+01 -1.438702673151644262e+01 -1.102452510043628742e+01 -3.161239983974290269e+01 -2.932108915585552822e+01 9.441910786997175009e+00
-9.052819703384244576e+00 1.473014494028535815e+01 1.548638936198609040e+00 -1.270033703047002804e+00 -4.557113165275547217e+00 1.730967292407236569e+00 -1.306184229032684918e+01 2.795766087567024272e+00 7.210822927158061724e+00 -1.675672581196186783e+01
-6.343892892334745959e+00 -1.464103675715560993e+00 4.824161344280668118e+00 -6.840586310919799518e-01 6.817350891543109803e+00 -6.011241483263635388e+00 -1.451865484116771299e+01 -5.965123975109889898e+00 -1.233760169773994342e+01 6.640466135956453186e+00
-4.736468206528696712e+00 -1.111600196087756309e+01 -2.043591474956619791e+01 2.196224822795232257e+01 3.002038707875821189e+01 -2.241436977619779558e+00 1.248989274249124826e+01 -3.894482115495987529e+01 4.978135530689915100e+00 -3.295814016120679923e+01
-7.832107486174200162e+00 -9.766777953837789994e+01 -2.184519364470881087e+01 -1.313585142775964609e+00 -3.471412311169034481e+00 2.662598414911160116e+00 -5.643815468438506677e+00 2.503963367765989645e+01 -2.581820959059639975e+01 4.608183489182259507e+01
-5.391367255652219193e+00 -3.648249342805896589e+01 -2.722956405782865019e+00 -2.160325930315306309e+01 1.602773973951686415e+01 -1.213180585436450265e+01 -2.567208363009032013e+01 -2.467136356199588576e+01 -3.727953766333961028e+01 -1.809977189089930860e+01
-2.569768915143116317e+01 -7.494212996198078791e+00 -3.784612616581416233e+00 -7.339668855539052572e+00 4.487850436051907366e+01 -5.443906550687038326e+00 -2.414356220256467367e+01 -5.798915243943392639e+00 -2.427484198472731336e+01 -2.180136335845097761e+01
9.823051256945620757e-01 -9.111637714339920535e+00 -1.376194846216899670e+01 1.417233951807670422e+00 6.558855391635904919e-01 -1.896730847516527518e+01 1.237922419695972032e+01 -2.979223402208353733e+01 -8.606324402721595490e+00 -1.094030079122701515e+01
2.970576095370282133e+01 5.451173520491113145e+00 5.001036274694068595e+01 6.750699323649421935e+00 -1.009544856197974916e+01 1.209795523370824100e+01 2.104403261030583394e+01 3.582711627032448831e+01 8.451844675048322486e+00 2.870670191754744138e+01
-2.347836652243476507e+01 9.309619691651521478e+00 -9.858061773251174387e+00 -1.535982355660732157e+00 4.087596253276326763e+01 1.764599583526697657e+00 -2.353604835158655817e+01 -2.423172417891036545e+01 -1.248706253348167827e+01 -2.967085367888815028e+01
1.102169452405116701e+01 -2.998211144876399459e+01 -3.572835011877653244e+01 -1.504498473129847547e+01 -3.249612589188663492e+01 -3.564781458182378060e+01 6.393451006810314396e+01 2.550061840775714828e+01 -6.670157301837290831e+00 1.187768704366357930e+01
1.019513787092139445e+01 -1.345497443687776240e+01 1.893753375786911386e+00 -1.723462765274462782e+01 1.219986512822286429e+00 -2.162742016315492322e+01 1.091853180834931614e+01 -1.383866563780388148e+01 7.479226489022734015e+00 7.445236296054330793e+00
2.849775559162405880e+00 -6.541096904695976377e+00 1.047783051560976730e+01 1.070755447281882411e+01 2.700264177327587589e+01 6.268888468995372776e+00 -5.923246743940169701e+00 8.035891425608765459e+00 -8.166879307810026134e+00 8.491733867349696041e+00
4.324487819402964561e+00 -8.045127638776797596e+00 -5.250894627780790636e+00 -1.057423888561471159e+01 -3.917023627743585035e+00 -1.340776350791699123e+01 -2.399756739824127294e+00 -1.663336333051421434e+01 9.744562719937622575e+00 -9.407841304940901539e-01
-1.819420319762062732e+01 3.666237426530574162e-01 -1.158999808686944100e+01 -2.016522573877763680e+00 6.786020612010685849e-01 -1.275446860814912320e+01 -1.040633456304149496e+00 -1.390044325661331470e+01 4.418230302300202972e+00 -2.541016818225387830e+00
-1.087717969625739300e+01 7.940343792625220054e+00 1.601419703885230916e+01 2.369952943215217100e+00 1.077926576632699529e+01 -4.772689562342965708e+00 -1.436385667978846392e+01 5.988341977598460097e+00 -1.022330631939826162e+01 -7.883064971430432166e+00
-1.364969498125775083e+01 6.115012453481011079e+01 3.166676675663588014e+01 3.639543661902406058e+01 -1.608032371504650726e+01 6.166335693944672158e+01 -2.327973935099047509e+01 6.971735472166223246e+01 4.325340523139315962e+01 -3.237006281249930595e+01
-1.307203933304785570e+00 9.155909666780562617e+00 1.048521171285341325e+01 9.664641570764064937e+00 -1.409012291783851545e+01 -4.981545403324069698e-02 2.812437960212949561e-01 2.140530162444040485e+00 7.818034054871350058e+00 1.153657962234928469e+01
1.386510619256078058e+01 4.779999781516503177e+00 2.600821391283590600e+01 2.627062401868880315e+01 -8.413344326619013103e+00 2.050938738887641577e+01 3.545679423056002921e+00 1.147036190329596650e+01 -1.325725910761507187e+01 1.587236586409125572e+01
-5.385386108901401236e+00 7.200460150671593951e+00 -1.347696878846444690e+01 6.175020197146127154e-01 2.433021396579870199e+01 -8.171545049698716312e+00 -9.612049905623846868e+00 -2.554700086846611740e+01 -1.220480576606017920e+01 2.954147274216365471e+00
-1.746905441334628151e+01 -7.943117522039218947e+00 -1.371868103350835888e+01 -5.969752601854875884e+00 9.867384784787976315e+00 -1.372805579806569831e+01 -1.154855336978061153e+01 -1.683143839422220722e+01 -3.043005175394902651e+01 -1.040271014859977328e+01
3.601425239428108682e+01 4.997431435500233832e+00 1.956667948584422945e+01 1.660500510046567157e+01 -3.242636557885523985e+01 1.778060340789554772e+01 1.991471115797972757e+01 2.925044114548610708e+01 1.158608329490749966e+01 2.257017532168719498e+01
-1.376891872308367581e+01 1.371782686965855591e+00 -3.199829426103787178e+00 5.336131652109491696e+00 -2.578815070582538382e+01 -4.373832192905234173e+00 -1.298167605559791404e+01 -1.389611547831986904e+01 -4.075981910544241416e+00 3.583012400746711901e+00
-5.314393931131776050e+00 1.178507717971567947e+00 7.293554801612589955e+00 -2.438790967893276829e+01 -1.692035777892719040e+01 -2.020760920533223626e+01 8.369555505933461426e-01 -1.219518845965949971e+01 6.537793176711108600e+00 1.063965812538908473e+01
5.801155330673519472e+01 1.097371027055070414e+01 7.176884308020707692e+01 7.102578587346386030e+01 -3.406873569302774030e+01 6.332709808605663682e+01 3.878846371247824010e+01 6.123587798411026739e+01 1.652153192724193032e+00 4.652636530620027600e+01
-2.264690576898610885e+01 -8.152712638720579497e-01 -8.396872954716412707e+00 1.790005647104946718e+01 1.777198629174580446e+01 -6.909744685077955140e+00 -2.237600268534186654e+01 -1.502354543985690860e+01 -8.414419909871716285e+00 -1.024319315318111734e+01
-2.465809039078784792e+01 3.251899087121782372e+01 4.023971592941072650e+00 9.982642955229747983e+00 2.396917632685576560e+00 2.399495011129711841e+01 -2.450657995725957505e+01 1.956325463415188537e+01 2.985148624913901472e+01 -3.034805491773207464e+01
8.781801119189204030e+01 -7.588012127144974528e+00 5.053471317012927244e+01 1.360768740295191215e+01 -4.989451053238490630e+01 4.089438092736798325e+01 5.939369707493261785e+01 4.690408934742587377e+01 5.608006370084652303e+01 8.666963924991716794e+01
-1.533505469901354878e+01 1.566202644587716186e+01 -1.171308986522805107e+01 -6.935256205525057727e-01 2.105381046516946952e+01 2.022291907665338506e+00 -2.417946288430491819e+01 -3.381023676008196333e+01 1.018315757358887375e+01 -2.363686740051864277e+01
-8.001849399226436788e+00 -7.460117326767726986e+00 -2.527275308323184255e+00 -1.794711902829746186e-01 1.292900994382326374e+01 -1.221035535139277250e+01 -5.131826753675127861e+00 -9.565561347438181983e+00 -2.969421889925248337e+01 -6.266562621481025275e+00
1.044216183056380487e+01 -2.104440033041548119e+01 -7.336148364989931281e+01 3.589205027850128005e+01 2.548210412648088052e+01 -2.494326075165260193e+01 8.786861171531508319e+01 9.592702172102261216e+01 -2.706033803760872658e+01 -4.360045090527761857e+01
5.204036351414600858e+00 -2.941391215326273567e+00 -7.204730064385891808e+00 -2.668677033100064477e+01 -3.389347813844824486e+01 -2.411665750664478125e+01 1.146034263694077104e+01 -1.650991542701144255e+01 4.691224724454842732e-01 2.633511204388247862e+01
-1.433358010356345424e+01 2.996660799464224922e+01 3.166830264807701800e-01 -1.813336964194085965e+01 -1.656534410156448445e+01 5.330001712669753644e+00 -1.555531132378600034e+01 5.222572871390815052e+00 1.952762869049453798e+01 -1.400073260492793814e+01
1.630416219150087276e+00 5.796737669662649139e+00 -5.858221804311190439e+00 -2.295913328296055766e+01 -7.012296328402967127e+00 -2.212595188989926598e+01 4.019044586528824681e+00 -2.098118741336207904e+01 -8.148054533186897430e+00 4.304837922244701076e+00
-2.874059905759132860e+01 -1.881167263545656709e+01 -2.565346719954835564e+01 1.116789192285475352e+01 5.109135693623101560e+01 -1.066649243156772187e+01 -2.258857218297646341e+01 -3.877759203003983401e+01 -5.055301862662720680e+01 -2.510025020020273345e+01
-2.502427428562566902e+01 5.112502868093490527e+00 -1.369182768139739537e+01 2.628251245733124630e+00 2.906115883400329736e+01 -3.467000712684073171e+00 -2.188284092374673406e+01 -1.812117293958258557e+01 -3.052960554983379815e+00 -1.631986205626962061e+01
-2.277424035900740407e+01 -2.577387493053002743e+01 -2.544737008196011985e+01 -3.331713917912380651e+01 -1.743630207828384127e-01 -2.266597951940860156e+01 -1.665780684639633691e+01 -3.213777289776166413e+01 -3.688429342104459607e+01 -8.244104041131564031e+00
1.318920502126148975e+01 3.700653528971744155e+00 1.089047836359323362e+01 -1.904311741561684812e+01 -2.665167302895757118e+01 -1.336989177020934072e+01 -1.330953257375506293e+00 -3.289613537019415723e-01 1.295616633629595249e+01 9.775168734036951079e+00
-1.206092339887510079e+01 -3.767932442714403862e+00 -8.614686204670027436e+00 -5.670626641121791600e+00 1.662368328233545611e+01 7.413955744957536176e+00 -9.505247147827095233e+00 -2.012552952015313679e+01 -1.208522073679483277e+00 -2.438807163440290537e+01
-9.376941307071788856e+00 -5.311251157748710483e+00 -1.445485007769652697e+01 -9.606060617089132947e+00 1.876798733687304832e+01 1.969975707600540193e+00 -1.160878596964983345e+01 -1.430621171096725242e+01 4.374489912353895171e+00 -1.078878318545498161e+01
6.361502548704133631e+01 2.020901682544588596e+01 8.022167565151778490e+01 1.941224147231509889e+01 -6.931576588780656323e+01 2.680169149837802323e+01 4.583319546079190587e+01 6.544057496960266462e+01 -1.209231505706729592e+01 7.245708905123737509e+01
-1.415523476295546068e+01 -4.656281770348923210e+00 -7.590939577852538755e-02 2.496929698182502655e+00 1.440628013418027464e+01 -6.003686474197504452e+00 -1.325582003844690249e+01 -1.084714903693223143e+01 3.309110245626013302e+00 -1.546659621758407965e+01
4.225335954351445267e+00 3.374401762901323210e+00 4.197252152000375824e-01 9.193775098074226548e+00 -1.433334386350376377e+01 8.659134708122994795e+00 8.225509053866307596e+00 -1.410173065776958623e+01 2.308466490818872430e+01 2.660996835625551071e+01
-1.342903320970020253e+01 1.544301481605610604e+01 -5.406818943990394644e+00 5.079657833700174763e+00 -1.372911923457928340e+00 7.469639101910735546e-01 -1.874054023543187242e+01 -7.340279370213332655e+00 3.696590963936911578e+01 -2.477830000216642148e+01
-1.757421316949740842e+01 1.440191364716296718e+01 -1.569980554130793671e+01 -4.626837727723124516e+00 1.917310873813443006e+00 -1.540295876429871980e+00 -1.335680882460692587e+01 -9.384678356604729821e-01 1.159380378683438018e+01 -1.464158332694477771e+01
-2.346624326546821848e+01 1.630143099014875530e+00 -8.989145802613126790e+00 8.178884246360286880e+00 -8.617345136190539989e+00 -1.027024360306896611e+01 -2.089280662960189971e+01 -2.296666674644077588e+01 -2.432653012054112551e+01 -4.788531286899470274e+00
1.492434425138344167e+01 4.538904115315368415e+00 5.194953937200552474e+01 -1.407103668496932336e+01 -1.339430824532964914e+00 -1.046164986391837814e+01 3.059307904713838067e+00 3.944167129255303905e+01 -7.661415300835350273e+00 1.322201426261060675e+01
-1.596630355650393973e+01 7.184911596905459419e+01 7.780912926702777455e+00 4.093338489208848330e+01 -6.595467500272026662e+00 4.644228436668263527e+01 -5.335941951200161526e+01 2.505210611286735300e+01 2.242572957367454833e+01 -9.008418063813469701e+01
1.000000000000000000e+02 1.872109104474590424e+01 1.000000000000000000e+02 1.000000000000000000e+02 -4.872154362535233929e+01 1.000000000000000000e+02 6.401933870386773151e+01 1.000000000000000000e+02 -1.150720778967931857e+01 7.867365648350899221e+01
3.414683146029137362e+00 1.000000000000000000e+02 1.917537166919197134e+01 2.527529338108390178e+01 -4.678298520086481460e+01 5.642097901284029149e+01 -5.267305842768892177e+01 5.247027798809545374e+01 3.899112206295786365e+01 -1.000000000000000000e+02
-7.924181267890733515e+00 -3.414099403598947902e+01 -2.302487820495733573e+01 -5.288220309100979399e+00 4.107060196060839985e+01 9.740629739614716787e-01 3.468656669541207549e+00 -3.028329434955390553e+01 -2.024987292488614443e+01 -3.037301968071808744e+01
1.563872860491660788e+01 1.180038924829542246e+01 1.933203412582347269e+01 1.638497776918782023e+01 7.868717964595054459e-01 1.869918864153793336e+01 9.843019447887707329e+00 1.118227455416459826e+01 9.341381549448199095e+00 2.317325418341990328e+01
-8.710543477844844062e+00 -9.670856875725093005e+00 -1.359726824720340943e+01 -2.326309901357937360e+00 1.548790363031792516e+01 -2.438694188759068293e+00 -1.454492691204883492e+01 -1.355721744680319318e+01 -6.304761121560090942e+00 -1.892416951780920087e+01
-1.017584250245028699e+01 -4.604406203308388790e+00 -3.735574426769815215e+00 -1.812793750283907457e+01 -7.572785329872590232e+00 -1.304684915438996740e+01 -6.899600289059577563e+00 -1.418070640186769982e+00 -1.542941554628805001e+01 -3.433550996986463488e+00
2.857446396886209072e+01 -5.878710724308996660e+00 2.400147878117461531e+01 2.386119565473929427e+01 -6.510035340277670279e+00 2.303132324284704069e+01 2.781823796577583607e+01 8.716166163747095297e+00 1.447432580274858616e+01 2.643938385461159157e+01
-9.836925192841235344e+00 2.986357255535081734e+01 -3.898597658304064240e+00 1.139047107905679423e+00 1.049136775036326874e+01 1.617196484846137494e+01 -2.259848926667619651e+01 -8.516925711401633237e+00 9.675693587360784775e+00 -2.408290032031356631e+01
-1.128885043682819500e+01 2.648092175873295595e+00 -3.251773019604552672e+00 1.112128988774829352e+01 9.198802850899831185e+00 -7.678024269527893297e-01 -2.614279226918610810e+00 -1.845080362909162774e+00 -2.591169063299177111e+01 -4.084170898891473556e+00
-9.259417923729179378e+00 -1.264263914519182208e+01 -2.726128695292042536e+01 1.851734982926532780e+01 4.537730045925885491e+01 -1.330451451061613710e+01 1.509174762011277870e+01 1.914284552011038087e+01 5.697081522101922202e-01 -2.526454515323716876e+01
3.495605588487599835e+00 -1.716581061265060626e+01 -5.041327503047764225e+01 -6.061681205228801872e+01 -2.282462282641664331e+01 -3.755692534861990595e+01 4.102833444667600560e+01 2.532747645817897109e+01 -1.792314190542522212e+01 -1.197342343921447849e+01
-6.058498229217772479e-01 1.582916393175165659e+01 -2.914912561735340191e+01 1.425463957216421607e+00 2.876290414183187849e+01 -7.268262727452306393e+00 -3.262857427706190094e+01 -8.606895915813885267e+01 -3.852276336799173606e+01 -9.258100268037022573e+00
-1.243435507309729182e+01 -9.060305273243299595e+00 -1.175676228452597671e+00 1.594489101954984100e+01 2.603984606823704340e+01 1.836919147061110147e+00 2.384292372182047204e-01 -7.034461308084232201e+01 -1.365865600931710055e+01 3.001821276151800788e+01
-2.608417957237933393e+01 8.599797697366144078e+00 -8.610287547773385342e+00 1.079787103484674304e+01 8.934180281133981438e+00 7.726069635159265481e+00 -3.025013172769877556e+01 -2.407507272632622630e+01 -1.184349878854413518e+01 -1.529307560709049518e+01
-2.838011864486996050e+00 1.142640913294896343e+01 1.515410313594935277e+00 1.492271559316775331e+01 2.628056150005765446e+01 2.363541318504115196e+01 -1.161685877743278539e+01 2.023592940675833063e+00 1.730024218723667406e+00 -7.847877417888063256e+00
4.064251964478514445e+00 -4.087179823629019637e+01 -1.223469711348480082e+01 -1.235157185620058939e+01 -6.492359805361940239e+00 -9.542035792669082639e+00 1.431474991929356300e+01 -2.342750408785240523e+01 1.437517794379341751e+01 3.433239914840497420e+01
-3.301953389892715762e+01 7.698986207665531367e+01 1.065395371294699167e+01 3.675482428809005597e+01 9.528766841407165344e+00 5.070048969702732933e+01 -5.920253556880631152e+01 4.503957497110494756e+01 5.059836344675424868e+01 -8.860295158956600403e+01
-1.283636333024349696e+01 -1.130016336968094315e+01 -2.254781588101061018e+01 -1.250617183460263782e+01 1.050928477962973506e+00 -1.648605679755400644e+01 5.122812921461674662e+00 -1.730805243478643263e+01 -8.042364366092174421e+00 -5.633608604026222544e+00
-1.233434631365973289e+01 3.692305524250118598e+00 -5.709673919396165420e-01 -9.775632140658252922e+00 -6.658968286382807023e+00 -5.960886903872794740e+00 -1.081596917934999524e+01 -2.172254144473441784e+01 2.895871979402003760e+01 -7.383128019156242061e+00
9.967076019615726423e+00 -2.077467387413386035e+01 -2.932763118489334175e+01 -2.900267069111679774e+01 6.904244250261307947e+00 -2.568704801898307011e+01 2.553916425579713945e+01 -1.286515529629690624e+00 6.083377458560505602e+00 -6.328610993532284290e-01
1.753959376254569591e+01 -9.024997627937398903e+00 -2.922398791288032704e+00 -5.254781947320013558e+01 -3.066007138334738258e+01 -3.219067255410334383e+01 3.578091503085693148e+01 -1.076191033480814951e+01 4.559073854963064321e+01 3.857082156040891618e+01
-2.475895408815449628e+01 1.765024282538035783e+00 -1.788748397618572028e+01 -2.669822185105214629e+00 2.694073369125113615e+01 -1.486465787230244917e+00 -2.143705048740067198e+01 -1.885462379509380426e+01 4.785063370567199215e+00 -1.664139566093134803e+01
2.031319551010191304e+01 5.800571328915585134e+00 1.823125037289178962e+01 -8.133994051808175030e+00 2.589121096870341532e+00 6.934025584633682904e+00 1.769489274965480519e+01 1.066874460120205725e+01 1.586755396016404163e+01 3.324002614540884792e+01
-3.051108310299003534e+01 -2.788325223863670743e+01 -1.928286885645668391e+01 -6.762387603712377571e-01 4.514648766258034840e+01 -1.884656336820971134e+01 -3.059107162462609253e+01 -2.150961008196754776e+01 -5.277304419932769974e+01 -1.161390090970646582e+01
-1.905129907066607586e+01 1.410424024406231425e+01 -1.031129966808307863e+01 1.349442021357135957e+01 3.183849044661463878e+01 1.159433882440346153e+01 -2.704723948286944690e+01 -4.058898246747844496e+01 -1.586682517050042129e+01 -4.209898557851602874e+01
6.832953205682341036e+01 8.247521237414446205e+00 6.669908236749363084e+01 6.407995928464833923e+01 -3.465445004627353143e+01 6.045241335115309766e+01 4.341585475864757626e+01 5.375082339023634148e+01 -2.861827418900536824e+00 5.608405945751898969e+01
1.555216165332915779e+01 -1.053147109869059461e+00 8.168684957812399006e+00 1.989050961623600600e+01 -2.071563310845137806e+01 7.401067478344112160e+00 1.879246193016347988e+01 2.283263992665658648e+01 1.629478213373054629e+01 2.653268727702501550e+00
6.162022470680128095e+00 -1.476278621014415293e+01 -2.199391742015294859e+00 -2.683428407307680175e+01 2.433406471692681983e+00 -2.387824358039921080e+01 2.202164854418420958e+01 -7.777461979511656409e+00 -1.196866022038176425e+01 1.654337682986664504e+01
8.014071890684856925e+00 -1.770067138420431974e+01 -7.665511962867141982e+00 -2.944352182017803443e+01 -6.581604508378560148e+00 -1.665595333889703866e+01 9.634708703763253723e+00 -1.359344454291423610e+01 -1.567431155258564246e+01 1.873603025260068478e+01
-1.003802744785454415e+01 -1.781725467672375940e+00 2.081490237274411292e+00 -5.616039179270403636e+00 1.939787379063820438e+01 -7.324795039758975612e+00 -1.582107586895187801e+01 -1.257426461773053639e+01 -5.546151637459187711e+00 -1.018518120022003082e+01
1.984320199572786336e+01 -6.933038667614292550e+00 -8.622590229697536524e-01 -4.756984909425391095e+01 -4.631881725279644968e+01 -2.797341620346846369e+01 1.962805623243618669e+01 9.417426484652261509e-01 4.410910351356119463e+01 2.995771561593143062e+01
-2.592325560622732183e+01 1.073146860264513336e+01 -2.753131755871046593e+01 3.185565043043042888e+00 9.726981396706486649e+00 -2.140042291840808186e+00 -2.245071621891612779e+01 -2.522775353641355167e+01 -2.138902235937012009e+01 -1.392131224279222579e+01
3.317280770489283270e+00 -2.057329649521562587e+01 -4.251810312653706347e+01 9.634569878601665138e+00 2.223969933738297300e+01 -1.930226295797964298e+01 3.838053663051648812e+01 2.013238850655611856e+01 -1.984345071315879849e+01 -5.127544522821990469e+00
-2.857105192708662589e+00 -1.005128304515337767e+01 -1.275934752924818305e+01 -6.299907852456559709e+00 1.091227832847230239e+01 -9.568928184433250550e+00 -4.677429274954894467e+00 -1.057534720473606527e+01 -1.147838818706074449e+01 -7.478006502502275443e-02
-2.902553308135178867e+00 3.196370930531621468e+01 7.838002714148816885e+00 9.646935694665007333e+00 -4.746678745597044724e+00 1.112701116990066907e+01 -2.061146616104899110e+01 2.444751859715630005e+01 -3.686894751264696790e+00 -3.772698028039399532e+01
-1.474794301840298338e+01 3.468174927382938311e+00 -2.806502550523446438e+00 -9.408873822292061817e+00 2.986268995191100561e+00 -8.162513899675477802e+00 -1.803666961524731605e+01 -2.439421717003874335e+01 1.045541214444300593e+01 -1.773215659470475813e+01
-4.502604622229749332e+00 -1.674996047962044443e+01 6.073290541792271569e+00 -5.598517759881884714e+00 -5.793468522369298768e+00 -5.441333323613265271e+00 -9.471447381338562010e+00 -3.694466327603548872e-01 -2.798092008535445530e+01 1.415140652479900574e+01
2.217280701714433633e+01 5.752606982088758869e+00 1.734603269806681780e+01 1.764779434598660401e+01 -6.632839937512105877e+00 2.213947411650176633e+01 1.135791083793196421e+01 6.734638075958560677e+00 1.953540866271212550e+01 2.416375298419162476e+01
8.258436963720666313e+01 5.304436425619109663e+00 7.506923263868115725e+01 3.815589798020008061e+01 -5.230541608521367891e+01 5.940111940861982731e+01 6.143352773677302991e+01 7.726337364367485350e+01 2.949980863700244171e+01 7.174516545761827047e+01
1.115816768668710424e+01 -7.028747062615128982e+01 -7.415456728651238727e+00 -3.159501217200848089e+01 2.021971282147151783e+01 -7.883578052155955973e+00 -1.461299624987812962e+00 1.278847782078089779e+01 -2.268635323852025110e+01 3.403886500386053626e+01
-1.145396029270317051e+01 -8.453597922257790742e+01 -1.675164177707644697e+01 1.524471574804895369e+01 1.847410887024564730e+01 -4.933787539691338431e+00 1.082687937583227189e+01 -1.858509778519268352e+01 -7.880926409789053289e-02 6.445652271467946548e+01
3.763164094813524940e+01 1.186616765870206258e+00 5.032039226564054246e+01 -1.753424483887281005e+00 -1.726401457453033572e+01 9.100411351646208402e+00 2.766381750448485732e+01 4.120628577700377093e+01 4.015929691438067550e+00 2.333883108504707238e+01
4.281165355774608355e-02 4.244368295832538079e-02 -5.865733756874150551e+00 1.512689654142757867e+01 2.666856302329789230e+01 7.471762366770440700e+00 -1.771394793254373878e-01 -2.604339718501165279e+01 3.775187913297120001e+00 -1.409002752298594174e+01
-2.287158727006709924e+01 1.047465800188635221e+01 -1.787494269876385289e+01 -8.424406417133250002e+00 1.091598979382777479e+01 -2.537651008816444786e+00 -8.517510342303674875e+00 -6.486145788294354020e+01 1.692039787433128550e+00 -2.951111128116073790e+00
3.305033532961099496e+01 8.320272835548521151e-01 2.297386445306175773e+01 2.613001304121788593e+01 -2.477383907880746250e+01 2.196983385826037960e+01 2.512177074484547745e+01 3.277632852779466788e+01 1.248478446894371352e+01 1.756326736394274590e+01
-1.680254725944540395e+00 -5.189758903546555224e+00 -5.129220293427805721e+00 -8.133142468716197726e+00 4.923716725679653905e+00 -6.857614015928898965e+00 -3.040958146824778718e-01 -5.676893780571533377e+00 -4.870949218618675580e+00 4.372820946805362929e+00
5.756561078196297032e+00 -3.451448014566702227e+01 -3.243483287516302482e+01 4.730382474038690610e+00 1.056228385048462037e+01 -7.708997767909888665e+00 3.020405366617512399e+01 -1.166555289029913844e-01 -2.348568623376001696e+01 -4.007911689783443876e+01
-3.134945028712858850e+00 6.324470603347251085e+00 -1.262156681123038471e+00 -1.106242758943134241e+01 -2.350278587925540918e+01 -1.158365351022671241e+01 -3.176385646966821241e+00 -2.730426781192791097e+01 2.469364203573586636e+01 -6.895546769891431893e+00
-1.133594008720774049e+01 3.588953333577696303e-01 -2.634368218221964320e+00 -1.069487716455399173e+01 1.382087193700620276e+01 -9.098065018294917650e+00 -9.844006401332904943e+00 -1.369946768653330338e+01 -1.172791560794213694e+01 8.019897990947995048e-01
5.290880495223893831e+01 2.929938174210464652e+01 4.829054592577669780e+01 3.177969316973443625e+01 -4.664561001185413147e+01 4.594048904016330681e+01 2.745587241904835452e+01 6.596647904826770059e+01 1.013890753186493754e+01 3.076585786415850521e+01
1.238791632485596672e+01 -1.529180518978611758e+01 -1.245748163170561895e+01 -1.958416666384771787e+01 -4.370102336099365914e+01 -2.783633079523450249e+01 2.785593757785888869e+01 5.362977444892669254e+00 2.658316467297096253e+00 3.021486335754523012e+01
-9.810539804605220127e+00 1.007648207162161924e+01 -2.413324004088630303e+01 -1.495152411098873024e+01 2.189184225841099618e+01 -2.963427478460597175e+00 -1.970743199588161332e+01 -4.971239650852916725e+01 5.424242838629446339e+00 -1.781405217419452924e+01
-1.424349599902549279e+01 1.262778082620736875e+01 1.368872653770577230e+01 -1.012650714623824122e+01 -7.963620639301836057e+00 2.951653833565165641e+00 -1.695761516990945239e+01 6.264437841448632582e+00 -5.306080374604832173e+00 -1.416984865654188930e+01
-1.850092243500575506e+01 -1.443396179632667753e+01 -1.545131334514347810e+00 5.032469078815948738e-01 4.882948256670174203e+01 -1.083507906938284826e+01 -2.057661561384147575e+01 -1.659460962030905407e+01 -4.038163812520538443e+01 5.247734788879775181e+00
5.597401236487131371e+01 -1.761246498410228067e+00 1.468357675340814161e+01 -8.914901063974512851e+01 -1.000000000000000000e+02 -3.937906649160949968e+01 5.057681030226981278e+01 2.243147052046192513e+01 9.562841078963398900e+01 7.371092462048247285e+01
-1.203710390270677877e+01 5.407875174868598256e-01 -1.418814277796546364e+01 -3.789568276312711870e+00 1.205978051484667368e+01 -3.724446481320495828e+00 -1.086768185077677451e+01 -2.365646038830905340e+01 1.014118444754818960e+01 -1.626458000012056715e+01
2.185971544771161135e+01 -8.945081111793093953e+00 -5.333009243969236701e-01 -6.223199978901210017e+01 -4.134475212096010210e+01 -3.492134463737266969e+01 2.793583941762708633e+01 1.144007521234096991e+00 2.700927110191588554e+01 3.725710301382193990e+01
-1.024779848210196143e+01 9.902646194177339822e+00 3.647932369651635032e+00 4.291175126338811374e+00 1.522901586367199656e+01 -1.428999263173645007e+00 -1.254923616635242212e+01 -1.231381186639789505e+01 -5.864793128930759991e+00 -9.709361383067973250e+00
4.007501632875082542e+00 -9.371474547965716440e+00 -5.311276219347796257e+00 6.342208006109162355e+00 -5.121771714768346140e-01 4.855867225149488320e+00 -1.133212050414135419e+01 -2.696138006788720531e+01 5.262289845003207844e+00 3.617950171134705517e+00
-3.126248658811033465e+01 -1.140157455132014341e+01 3.359858575877935127e+00 -9.016383319367104576e+00 1.337217042837812642e+01 -3.910197782053002058e+00 -1.234912058978277294e+01 -2.856304639651087829e+00 -4.230900343918222717e+01 -1.440190552664499890e+01
-2.529648030918009027e+01 8.930019897449689381e+00 -1.168508733522494580e+01 2.193383088801562852e+00 2.751073870272577082e+01 -1.049560431471857846e+00 -2.778507704412174917e+01 -2.315496679377555012e+01 1.183773400471534565e+01 -2.404889726130730665e+01
-9.240975438956867904e+00 4.210538147802445508e+00 1.481771637892261184e+00 -1.522837193021523738e+01 2.284518926504106773e+01 -9.687458596289546975e+00 -1.145722063062019380e+01 -1.296849923213322775e+01 -4.820600882677750221e+00 -4.530008205875708960e+00
-8.446127457542091932e+00 -1.263236238323692806e+00 -1.003287033148373908e+01 4.223768951035395958e+00 9.645679158012482546e+00 -4.888186678181896561e+00 -1.450196927898999100e+01 -1.454839287645062029e+01 -1.760730512026376005e+01 -1.393013516311381217e+01
-1.516476360441121152e+01 4.886791387364355366e+00 -4.899544993320349984e-01 -4.072476647081402668e+00 -3.048672167257200805e+00 -8.813448710864161484e+00 -1.236089580781050046e+01 -1.211122468252946049e+01 -4.995876573042250079e+00 -8.313165675688722889e-01
3.168881727331939846e+00 2.219240759601785129e+00 1.945736363909735189e+01 -1.652548786341165199e+00 1.862156873214507513e+00 6.390501749851232871e-01 -1.066381133222506161e+00 2.007303146863513188e+00 -1.611651234108217867e+00 3.998017504196380578e+00
-9.555924895150191389e+00 -7.645037776270475760e-01 -7.495336831394378230e+00 4.275065803744560355e+00 1.033884067900646642e+01 -8.852359958415242147e+00 -1.114774645739599634e+01 -1.095614555748428032e+01 -9.626056900539473604e-01 -3.932464149108838125e+00
-2.075756094613224789e+01 2.303558554295460858e+00 -1.410439503149487805e+01 2.700395427414663985e+00 3.124720466044278311e+01 -1.145658695343897371e+01 -2.404164001451121635e+01 -1.653784904613968720e+01 -2.343093461216720286e+01 -1.690373824337857300e+01
-5.242374264094761926e+00 3.486435877034409492e-01 -1.297957459161008664e+01 -2.025448662166463976e+01 -3.124404730879045289e+01 -1.818118417214040505e+01 -2.750938981460935295e-01 -1.417077124125033194e+01 1.568749931999176539e+01 -1.505761927099106723e+00
