-7.152464706450700760e-03 -2.318382496014237404e-03
1.052716129379405174e-06 1.915602751978440210e-06
-1.623331918381154537e-03 -1.558114215731620789e-02
1.235570951108044824e-10 4.700542472618751688e-12
6.781759574795059341e-32 1.901030858146988324e-31
6.125266477465629578e-02 2.271009981632232666e-02
4.844707436859607697e-03 1.032870914787054062e-02
3.088894300162792206e-05 9.921568562276661396e-05
4.715685499832034111e-04 -1.162749977083876729e-04
1.664581250615526642e-09 1.823640904952128494e-09
-2.854490838944911957e-02 -1.387215591967105865e-02
3.761816975544202135e-13 3.778557328137921445e-13
2.019893750548362732e-02 4.433154594153165817e-03
-2.377617917954921722e-02 -1.536093186587095261e-02
4.687768506705936034e-10 1.487693995771977029e-10
-1.243862882256507874e-02 -3.605097997933626175e-03
5.767480470240116119e-03 3.171295160427689552e-03
-1.674569816145776713e-08 -7.003093660529202680e-09
9.663483798967933969e-15 2.680976168606581667e-14
-1.184006454423069954e-03 -1.092536491341888905e-03
-2.411281503736972809e-02 -1.249840483069419861e-02
8.872217586031183600e-05 4.574967024382203817e-04
9.839476916616643476e-15 2.634786191443383788e-15
2.476715855300426483e-02 -6.329901516437530518e-02
-3.009402727016663448e-10 -4.364395234102147469e-10
9.698277339339256287e-03 2.029969356954097748e-03
2.594238321762531996e-04 -3.456417180132120848e-04
-1.512316316620854195e-08 6.028783694489447953e-09
-5.810273066163063049e-02 -1.114971190690994263e-02
1.312024386041830028e-19 8.213808486128091925e-20
7.161149289458990097e-03 1.746598444879055023e-02
-4.173240813543088734e-05 1.059532951330766082e-04
6.212989683263003826e-05 2.030834912147838622e-05
6.344007942971074954e-06 -2.954199544547009282e-06
-3.784091677516698837e-05 -2.887997834477573633e-05
-2.584210305940359831e-04 -3.274943155702203512e-04
1.159364614977675956e-06 4.324239171182853170e-07
-7.780061569064855576e-04 -1.381418551318347454e-04
-7.766649127006530762e-03 -8.002457325346767902e-04
-6.552807986736297607e-02 -4.541917145252227783e-02
2.117621770594269037e-04 1.587845152243971825e-03
1.486781146377325058e-02 -1.168930204585194588e-03
4.499058380384171000e-16 2.057328547083918185e-17
-2.205279315603547730e-06 -2.174452902181656100e-06
2.881039399653673172e-04 1.197975798277184367e-04
2.050879821524631552e-08 1.930322035548215354e-08
4.831776488572359085e-03 1.359570771455764771e-03
-3.025603364221751690e-04 1.462279615225270391e-04
-1.719442934700055048e-07 2.734144466387533612e-08
2.439165471813219450e-20 1.084663095455836167e-21
3.206209982838797989e-13 6.726850386397018045e-14
4.983003018423914909e-04 -4.042977234348654747e-04
-6.799613474868237972e-04 -1.164514105767011642e-05
1.386233954690396786e-03 9.288271539844572544e-04
-3.318537492305040359e-03 -6.256042979657649994e-04
1.847736408322475654e-10 4.099903194720866395e-10
7.543352694483473897e-05 1.367868826491758227e-04
3.687086747959256172e-03 4.460304626263678074e-04
-3.044222714379429817e-03 -1.070598256774246693e-03
2.974146511405706406e-03 -2.182163763791322708e-03
2.230968326330184937e-03 4.763457924127578735e-03
1.443769690467888722e-07 -6.001187102810945362e-08
8.608825504779815674e-03 3.332174383103847504e-03
1.934488682309165597e-05 1.494040625402703881e-04
1.570579223334789276e-02 1.932275481522083282e-03
-1.768765173437714111e-06 -7.476362043234985322e-06
6.475664558820426464e-04 -6.874827668070793152e-04
2.866826718673110008e-03 -2.276457147672772408e-03
5.062299734959196940e-08 7.293936960195424035e-06
1.814361603464931250e-04 1.229434856213629246e-04
4.700784105807542801e-03 1.832024310715496540e-03
1.922663614095654339e-05 -2.205247028541634791e-06
6.757702212780714035e-04 1.518153352662920952e-03
1.343182660639286041e-02 5.821734666824340820e-03
-1.048932026606053114e-04 -6.316581857390701771e-04
-2.165098412660881877e-04 -4.540089867077767849e-05
2.309390583832282573e-05 1.959269138751551509e-04
-1.569275923429813702e-06 4.486853868002071977e-05
-1.436247490346431732e-03 -1.057175220921635628e-03
-7.829295936971902847e-04 -5.386097473092377186e-04
4.236517008394002914e-03 3.114581108093261719e-03
4.500264327855774127e-10 -1.442383157357340906e-10
-2.041883533820509911e-03 -1.293213921599090099e-03
5.691872793249785900e-04 6.126531865447759628e-03
-2.028462942689657211e-03 -7.264520507305860519e-03
-9.933316614478826523e-04 -2.575413964223116636e-04
3.719075769186019897e-02 -1.898287422955036163e-02
-2.655115386005491018e-04 -1.964731345651671290e-04
7.657788228243589401e-03 -8.410098031163215637e-03
3.937440924346446991e-03 2.727559534832835197e-03
2.458580711390823126e-04 8.378571510547772050e-05
-1.361044682562351227e-02 -1.073218416422605515e-02
6.581176538020372391e-03 7.180840708315372467e-03
8.841407252475619316e-04 -6.972402334213256836e-04
1.360488939099013805e-03 3.289961721748113632e-03
-5.929608829319477081e-03 -6.330624688416719437e-03
-5.314541980624198914e-02 -2.972000651061534882e-02
5.922878626734018326e-04 3.732890763785690069e-04
-3.440601518377661705e-03 1.874877925729379058e-04
-3.619092225903841609e-08 -4.406012976687634364e-08
4.041096195578575134e-02 1.758027449250221252e-02
1.388285397752042627e-07 -8.035039300580137933e-09
-4.887453396804630756e-04 -7.217156235128641129e-04
-8.525049779564142227e-04 -4.825124633498489857e-04
4.798819124698638916e-02 -1.293046399950981140e-02
1.152364420704543591e-04 1.255391907761804760e-05
-1.045424491167068481e-03 6.657253834418952465e-04
-1.162979984655976295e-03 -7.648033788427710533e-04
-1.965288305655121803e-03 -8.652861579321324825e-04
5.433921251096762717e-05 5.937211608397774398e-05
1.574688008986413479e-03 3.214953758288174868e-04
5.876676803097819928e-35 5.876583819657959962e-35
2.072209026664495468e-03 -6.425678147934377193e-04
3.921125426131766289e-06 -2.351424654989386909e-06
2.080214180750772357e-04 6.448724307119846344e-04
2.034792705671861768e-04 -1.445146917831152678e-04
2.182187978178262711e-03 -3.377050161361694336e-04
-2.633933909237384796e-02 -2.377771586179733276e-02
3.037843562196940184e-04 -4.901016945950686932e-04
3.868269547820091248e-02 8.106724359095096588e-03
1.467466540634632111e-02 1.686785370111465454e-02
