2.624438516795635223e-02 -1.683417893946170807e-02
1.550387823954224586e-03 2.438893425278365612e-04
-9.511295706033706665e-03 7.056996691972017288e-03
1.993567255720307685e-10 -5.848049822176903945e-10
-8.633985864266912802e-20 3.275659136399571203e-20
1.431233529001474380e-02 8.916829829104244709e-04
2.634427983139175922e-05 3.481277190076070838e-06
-8.529854773897671549e-12 2.913779287294637754e-11
-2.643275138325407170e-06 6.917113751114811748e-06
3.300171158571174601e-08 1.163626439648624000e-08
-8.276222646236419678e-02 3.806228935718536377e-02
-1.751685164350660934e-24 -1.273633996394053121e-23
2.955227717757225037e-02 -1.785183884203433990e-02
-1.935521885752677917e-02 1.705487444996833801e-02
9.672528056281493036e-11 -4.242188822445314145e-09
-2.455248031765222549e-03 1.523637474747374654e-04
-1.393206696957349777e-02 -1.232892391271889210e-03
9.962790005956997930e-14 -3.591499385217911122e-13
1.490146021179578084e-18 7.467804147716750601e-19
-2.656924334587529302e-05 8.981691280496306717e-06
-4.164470732212066650e-02 -2.031430415809154510e-02
2.571298182010650635e-02 -3.823904320597648621e-03
1.481495564803481102e-04 -1.216118980664759874e-04
1.580201983451843262e-01 1.207131892442703247e-03
-1.153642292806011938e-09 5.156821081264695295e-10
8.105243323370814323e-04 -3.966212680097669363e-04
-2.097576297819614410e-02 6.965176202356815338e-03
-2.980009594466537237e-04 1.981624700420070440e-05
-4.135299474000930786e-02 -4.537595808506011963e-02
2.787734265439212322e-04 2.260451001347973943e-04
6.467741914093494415e-03 -3.774926299229264259e-03
7.208152965176850557e-05 2.573371375547139905e-06
-2.728461695369333029e-04 -3.498535661492496729e-04
-1.090664641933969392e-10 1.120558246886504961e-11
-4.316930368730709233e-09 4.332289194053373649e-09
4.488203208893537521e-03 -1.366801443509757519e-03
-5.190789575948429047e-09 3.622431243854862259e-09
-6.451485212892293930e-03 -1.872741268016397953e-04
7.443297654390335083e-03 -1.439673174172639847e-02
-1.143657788634300232e-01 3.882052004337310791e-02
-2.162037184461951256e-03 -3.794867734541185200e-05
3.995954059064388275e-03 -1.743600820191204548e-03
-2.095654281220049597e-06 5.369917843722760153e-08
6.955215212656185031e-07 -1.257798913911756244e-07
5.355523433536291122e-03 -1.647033204790204763e-04
1.022442205092467457e-14 -1.980725349023742220e-15
3.365905431564897299e-04 2.559043001383543015e-03
-1.386828138493001461e-03 3.573554931790567935e-05
-7.655725312361028045e-06 -1.425813206878956407e-05
4.174822380159648461e-12 -1.966189147259433945e-12
2.592657111222251842e-08 2.673286259025076106e-09
-5.291752131597604603e-06 -7.767013130433042534e-07
-2.876399094020598568e-06 4.322018583025055705e-07
-5.343763157725334167e-03 1.464582630433142185e-03
-7.819917984306812286e-03 8.714689756743609905e-04
-5.652377765841265500e-08 -1.000755833757693836e-08
8.098370017250999808e-06 1.334458147539407946e-06
8.312512363772839308e-06 -5.026747658121166751e-06
-8.341792854480445385e-04 3.276323259342461824e-04
5.867380532436072826e-04 3.794900840148329735e-04
1.415868941694498062e-02 1.867385581135749817e-02
1.073038857430219650e-02 -3.181163338012993336e-04
-2.287905290722846985e-02 5.103030242025852203e-03
3.355699007556722790e-08 -3.168542761500248162e-08
-3.565710969269275665e-03 8.755633607506752014e-03
-9.833890999288996682e-07 -1.712061816760979127e-07
-5.232667899690568447e-04 -9.306854190072044730e-05
-7.612782996147871017e-03 4.380256403237581253e-03
-1.318037160672247410e-03 1.245788414962589741e-03
2.554552862420678139e-03 -3.157798200845718384e-04
9.701739996671676636e-03 5.094042862765491009e-04
4.606150014296872541e-06 4.854657618125202134e-06
8.866746226132704578e-11 -9.184403237938454367e-12
-1.586396677846909579e-15 9.740134182057227918e-14
5.171341035747900605e-05 -1.118973159464076161e-05
-3.530813046381808817e-06 -4.368248482933267951e-07
2.515406114980578423e-03 -1.810505986213684082e-03
-3.939398739021271467e-04 -9.518132719676941633e-05
-1.144289388321340084e-03 8.110046474030241370e-05
6.518787593057240315e-11 -1.545579094396065667e-12
-8.702221326529979706e-03 -1.403399277478456497e-03
-6.432840746128931642e-05 -3.210884096915833652e-05
-1.800525933504104614e-03 -2.651572867762297392e-04
3.251143032684922218e-03 4.585082642734050751e-04
-4.124439437873661518e-04 -1.330759369011502713e-05
-1.651812926866114140e-03 -1.385269570164382458e-07
-3.161347657442092896e-02 -2.169919665902853012e-03
-2.927165478467941284e-04 -4.484701639739796519e-05
-8.452527108602225780e-04 -2.123156795278191566e-03
1.708365889498963952e-04 3.303180346847511828e-05
-2.678816963452845812e-04 2.821891757776029408e-05
2.152762934565544128e-02 7.782514672726392746e-03
-1.263214647769927979e-02 -4.443115554749965668e-03
3.412406193092465401e-03 1.112740603275597095e-03
1.752029289491474628e-03 -1.153201214037835598e-03
-1.893529482185840607e-02 -1.424502930603921413e-03
-2.870786935091018677e-02 7.441947702318429947e-03
-1.998737687245011330e-03 1.201940758619457483e-04
-4.906305577605962753e-03 -2.246212679892778397e-03
1.312626973676389954e-16 8.963870424617462586e-17
8.762123249184128326e-10 3.628221056928282451e-10
-3.595788692300171119e-14 -3.620208652169512598e-15
7.973344181664288044e-04 -1.960686495294794440e-04
-6.800887640565633774e-04 -3.376627137186005712e-05
3.240227326750755310e-02 2.288540452718734741e-02
-3.724528069142252207e-04 1.484645908931270242e-04
4.083676729351282120e-03 -6.636603176593780518e-02
1.848679094109684229e-04 2.006798982620239258e-03
-7.702495204284787178e-04 -9.995618602260947227e-04
-6.259009666109704995e-08 -3.255834046811401095e-09
1.057581696659326553e-02 -5.950880236923694611e-03
1.394138145330753352e-17 -6.996902425904347102e-17
6.967156077735126019e-04 -1.627074205316603184e-03
8.236210851464420557e-05 -1.618783062440343201e-05
6.952466443181037903e-03 -5.347576923668384552e-03
-1.314988476224243641e-03 -4.632640921045094728e-04
-1.246019382961094379e-03 -5.388826830312609673e-04
-3.149714786559343338e-03 -3.648083657026290894e-02
-1.816127565689384937e-03 -1.676689367741346359e-03
2.509660273790359497e-02 3.307556733489036560e-03
-1.589421764947474003e-03 -2.343393396586179733e-03
