-3.681891132146120071e-03 2.904802793636918068e-03 -3.147613722831010818e-03 3.072149120271205902e-03 -1.150112831965088844e-03 -6.144246552139520645e-03 4.775329958647489548e-03 -8.483346755383536220e-05 1.231396687217056751e-03 -4.030886571854352951e-03 -1.097065978683531284e-03 -3.839588025584816933e-03 -2.112000016495585442e-03 -2.232246915809810162e-04 2.948182169348001480e-03 -2.231168327853083611e-04 1.959848916158080101e-03 2.357690362259745598e-03 1.692525111138820648e-03 -9.033508249558508396e-04
-3.120792939625971485e-07 4.918397280562203377e-07 2.109288033125267248e-07 6.937506213944288902e-08 9.101485716200841125e-07 4.501684713886788813e-07 -6.412569177882687654e-07 1.474903541520689032e-07 1.274110559279506560e-07 -2.522059503462514840e-07 -6.375245220624492504e-07 6.884205276946886443e-07 3.584863179639796726e-07 -2.192361563402300817e-07 -3.616694073116377695e-07 1.403826246360040386e-07 2.435538704048667569e-07 -2.153635563217903837e-07 3.910874966095434502e-07 2.984867251143441536e-07
-2.385921776294708252e-03 4.161620046943426132e-03 9.825570508837699890e-03 -3.390731522813439369e-03 1.154966931790113449e-02 1.502324547618627548e-02 -1.022713072597980499e-02 -5.327645922079682350e-04 -5.789234768599271774e-03 2.201470080763101578e-03 -6.687897257506847382e-03 9.051413275301456451e-03 3.907101228833198547e-03 -1.967165851965546608e-03 -5.502913147211074829e-03 -7.955890614539384842e-04 4.832291044294834137e-03 -9.130917489528656006e-03 3.413189901039004326e-03 2.018150407820940018e-04
-3.582389399525709450e-05 1.499274163506925106e-03 -1.142438966780900955e-03 1.517031341791152954e-03 -7.079127244651317596e-04 -2.046660752967000008e-03 1.292155589908361435e-03 1.065312884747982025e-03 1.238182303495705128e-03 -1.756545621901750565e-03 -5.967772449366748333e-04 -1.206976943649351597e-03 4.130050365347415209e-04 -1.138069084845483303e-03 9.435006650164723396e-04 2.074390416964888573e-03 -6.476042472058907151e-05 1.636135624721646309e-03 -6.944534834474325180e-04 1.911414205096662045e-03
-7.593097706148910220e-09 -8.647645017845206894e-07 4.479395840917277383e-07 -6.470246489698183723e-07 -2.310084283863034216e-07 1.010201799545029644e-06 -1.601837418263585278e-08 -7.414712399622658268e-07 -1.077097977031371556e-06 6.803159635637712199e-07 7.570733373540861066e-07 1.110915732738249062e-07 1.267635951762713376e-07 1.053324012900702655e-06 2.296503112120262813e-07 -5.870468271496065427e-07 2.264027756382347434e-07 -1.110366042667010333e-06 1.187320179951711907e-07 3.065559610604395857e-07
8.223720360547304153e-04 -8.329588454216718674e-04 1.459460239857435226e-03 -1.175606041215360165e-03 6.363022257573902607e-04 2.608623821288347244e-03 -1.301366486586630344e-03 -5.607780767604708672e-04 -1.600672490894794464e-03 1.502979546785354614e-03 6.563225178979337215e-04 1.406809897162020206e-03 1.308573759160935879e-03 1.256718300282955170e-03 -5.054190987721085548e-04 -7.163730333559215069e-04 -4.104594117961823940e-04 -1.824941951781511307e-03 4.092290764674544334e-04 8.583375602029263973e-04
5.780450919701252133e-06 -1.436325783288339153e-05 3.482621650618966669e-06 -1.036389403452631086e-05 7.871880143284215592e-07 2.937271165137644857e-05 -8.539543159713502973e-06 -1.896708454296458513e-05 1.080018500942969695e-05 4.356252702564233914e-06 -1.386970325256697834e-05 3.346565063111484051e-05 4.136702773394063115e-05 -1.904316195577848703e-05 3.492904215818271041e-05 2.088253495458047837e-05 8.481791155645623803e-06 -4.267887561582028866e-05 1.607809463166631758e-05 2.603026587166823447e-05
5.805926048196852207e-04 -5.680898670107126236e-03 5.201741121709346771e-03 -6.835512351244688034e-03 1.005958649329841137e-03 9.831521660089492798e-03 -6.084370426833629608e-03 -6.525060627609491348e-03 -1.050754729658365250e-02 6.105539854615926743e-03 1.371162245050072670e-03 7.297022268176078796e-03 1.962804701179265976e-03 4.428554791957139969e-03 1.629111007787287235e-03 -2.983738901093602180e-03 1.881759962998330593e-03 -7.771830074489116669e-03 7.846740772947669029e-04 4.536553751677274704e-03
8.572088518121745437e-06 2.549947384977713227e-05 -6.455734364863019437e-06 7.063085831759963185e-06 3.517815230225096457e-06 5.555578354687895626e-06 -3.856052353512495756e-05 1.399703251081518829e-06 -5.892582976230187342e-06 -3.499043032206827775e-06 -2.244580173282884061e-05 2.333573684154544026e-05 4.625327619578456506e-06 -3.141849811072461307e-05 -2.135740214725956321e-05 -1.800321479095146060e-05 8.069532668741885573e-06 1.872511893452610821e-05 1.899108792713377625e-05 -3.549972234395681880e-06
3.043063856456029725e-10 2.696215029018844689e-09 -1.208882216552353839e-09 5.573516648205156798e-10 1.877492161739269250e-09 1.034638708041768496e-09 -1.577927344342811011e-09 4.926271630206757735e-12 1.240615388198307301e-09 -1.837215796163249593e-10 -3.113593827208660514e-09 1.823091677621846429e-09 7.871793217262279541e-10 -3.573481732743744033e-09 -3.627361466751466423e-10 -1.187331621910203694e-10 1.328497867270073129e-09 5.598925212346728131e-10 2.604696902608338860e-09 -1.139938810013063630e-09
-1.382350176572799683e-02 2.597394166514277458e-03 -2.084786072373390198e-02 1.773644424974918365e-02 -1.000472344458103180e-02 -4.382560402154922485e-02 5.826504528522491455e-02 1.719195395708084106e-03 4.703201726078987122e-02 -2.072752453386783600e-02 5.594571121037006378e-03 -3.751215338706970215e-02 -1.955451443791389465e-02 -5.772377364337444305e-03 2.043027989566326141e-02 2.949966490268707275e-02 -3.216317621991038322e-03 4.031146876513957977e-03 -1.958038285374641418e-02 -9.546347893774509430e-03
-3.900183997984640882e-08 -1.478646760588731013e-09 -2.367193729924110812e-08 -1.216744660581525750e-08 1.303910135419528160e-08 -4.166544798067661759e-08 1.379893888042715844e-07 3.536763415468158200e-08 8.919440297461278533e-09 1.901181612140590005e-08 6.266391494591516675e-08 -3.119378177984799549e-08 1.798171211930821300e-08 6.141015518323911238e-08 4.985076529351317731e-08 9.181480464803826180e-08 -3.461085995581925090e-08 -4.051606694588372193e-08 -2.714631186506721860e-08 4.996594782369356835e-08
-4.949693568050861359e-03 -7.601137622259557247e-05 -1.886765239760279655e-03 1.854181871749460697e-03 -2.356828772462904453e-04 -5.830754991620779037e-03 8.132339455187320709e-03 -3.697191423270851374e-04 4.182233009487390518e-03 -4.209290258586406708e-03 9.336491930298507214e-04 -7.185318041592836380e-03 -4.073669202625751495e-03 -5.554773379117250443e-04 2.026414731517434120e-03 1.991039142012596130e-03 5.970573402009904385e-04 -7.193905184976756573e-04 -1.281068194657564163e-03 -2.182644093409180641e-03
3.339475719258189201e-03 9.614480659365653992e-04 -1.336664147675037384e-02 7.823488675057888031e-03 -1.537039224058389664e-02 -2.372279763221740723e-02 1.631171815097332001e-02 6.414676900021731853e-04 1.616650447249412537e-02 -1.552754919975996017e-02 -9.899621829390525818e-03 -2.155937254428863525e-02 3.523640567436814308e-03 -8.372590877115726471e-03 1.338018756359815598e-02 2.012715861201286316e-02 -1.314174383878707886e-03 1.391745544970035553e-02 -8.437982760369777679e-03 1.900356449186801910e-02
-4.609974439517827705e-06 9.166285599349066615e-05 8.199768672056961805e-06 2.469609353283885866e-05 1.381134206894785166e-04 8.430716115981340408e-05 -9.780372784007340670e-05 3.110319084953516722e-05 2.970152308989781886e-05 1.450581748940749094e-05 -7.573488255729898810e-05 7.099088543327525258e-05 9.457468695472925901e-05 -4.592197728925384581e-05 -6.741525430697947741e-05 2.535700696171261370e-05 1.261694615095620975e-05 -5.031005275668576360e-05 2.898782804550137371e-05 2.110905916197225451e-05
1.952701568370684981e-04 -7.986915879882872105e-04 -7.299681310541927814e-04 3.690827579703181982e-04 -1.327750040218234062e-03 -1.067560981027781963e-03 2.379524987190961838e-03 -1.929930731421336532e-04 4.247345495969057083e-04 8.533945219824090600e-05 1.839831238612532616e-03 -1.615034998394548893e-03 -2.415166818536818027e-04 1.117670442909002304e-03 1.157790771685540676e-03 9.157472522929310799e-04 -3.929951635655015707e-04 -2.563593734521418810e-04 -7.659419206902384758e-04 2.288571558892726898e-04
-1.998165316763333976e-05 -2.639265585457906127e-05 -2.365443151575163938e-06 -4.579697815643157810e-06 -5.664105628966353834e-07 -4.731346780317835510e-05 1.107633142964914441e-04 -1.027295820676954463e-05 3.590826236177235842e-05 -1.860912561824079603e-05 7.664995064260438085e-05 -4.956499833497218788e-05 -5.471712938742712140e-06 5.601056182058528066e-05 4.768803410115651786e-05 5.267110100248828530e-05 1.139883565315358283e-07 -2.087352186208590865e-05 -5.314804366207681596e-05 2.867152761609759182e-05
2.665601517293225697e-09 -1.015485917577052533e-08 5.671496161596678576e-09 -8.295719666762124689e-09 -5.051526308363918361e-09 4.124252495074642866e-09 -1.836313101577502493e-09 -5.372682299054076793e-09 -1.050284126336009649e-08 4.090076277663001747e-09 9.888600160934402084e-09 3.156662486958339287e-09 2.325707626482653723e-09 1.463427690140406412e-08 1.192819953921286924e-09 -5.467670760594955937e-09 -2.382243069476430719e-09 -5.641232370123816509e-09 -4.275774845297064530e-09 9.436122994088691485e-09
3.382900217729911674e-07 2.452345370329567231e-06 3.011385842910385691e-06 -2.551412308093858883e-07 7.164546786952996626e-06 1.085310304915765300e-05 -1.123656056734034792e-05 6.899853701725078281e-07 -4.186692876828601584e-06 4.792635081685148180e-06 -3.877528342854930088e-06 2.948210294562159106e-06 1.156441953753528651e-06 -6.602950861633871682e-07 -8.153033377311658114e-06 -6.697143362544011325e-06 1.743480765981075820e-06 -5.257134034764021635e-06 6.235109594854293391e-06 -9.253848475054837763e-06
9.001441299005819019e-07 -8.011923455342184752e-06 -3.567609155652462505e-06 1.170393630900434800e-07 -6.579489308933261782e-06 -7.283728791662724689e-06 7.854617251723539084e-06 1.037494143929507118e-06 5.460868806039798073e-07 2.414433538433513604e-06 8.120016900647897273e-06 -8.736868039704859257e-06 -6.316136932582594454e-06 5.479360879689920694e-06 2.774806944216834381e-06 -6.234337490695907036e-08 -2.423239720883429982e-06 4.838681434193858877e-06 -4.426989107741974294e-06 -5.030165993957780302e-06
-1.270572189241647720e-03 -2.085451269522309303e-03 -7.894307374954223633e-03 6.144855637103319168e-03 -9.614907205104827881e-03 -1.321974210441112518e-02 1.105665974318981171e-02 -7.022231147857382894e-05 4.380209837108850479e-03 -2.980097196996212006e-03 6.730277556926012039e-03 -1.174900494515895844e-02 -8.655985817313194275e-03 5.228341615293174982e-05 3.889841958880424500e-03 1.082841656170785427e-03 -1.008935389108955860e-03 7.898760028183460236e-03 -2.201737836003303528e-03 -7.311931345611810684e-03
-2.372304152231663465e-04 5.318811745382845402e-04 -3.752062548301182687e-05 4.270992940291762352e-04 5.442347028292715549e-04 8.518662798451259732e-05 -1.169655515695922077e-04 3.758392413146793842e-04 3.132858837489038706e-04 -9.498359759163577110e-06 -4.403783532325178385e-04 4.638544487534090877e-05 1.967519056051969528e-04 -4.687332257162779570e-04 -1.331400853814557195e-04 3.403218288440257311e-04 -7.688183541176840663e-05 -1.504232386650983244e-06 3.349996404722332954e-04 -3.442684828769415617e-04
-5.877763032913208008e-05 -3.776714493142208084e-06 1.798418379621580243e-04 -8.020696986932307482e-05 2.256720326840877533e-04 3.376507665961980820e-04 -2.803904062602669001e-04 -6.184907306305831298e-06 -3.551116096787154675e-04 1.492062583565711975e-04 -1.897155743790790439e-05 1.744250766932964325e-04 -5.827771747135557234e-05 1.619611721253022552e-04 -1.891364081529900432e-04 -3.435019752942025661e-04 8.651501411804929376e-05 -9.446196054341271520e-05 2.003010595217347145e-04 -2.995455179188866168e-05
3.952046111226081848e-02 7.747964002192020416e-03 2.006808109581470490e-02 -3.130796551704406738e-02 1.009334065020084381e-02 2.018448896706104279e-02 -4.204722866415977478e-02 -2.988464944064617157e-02 1.861409470438957214e-02 -2.064510062336921692e-02 -3.032966144382953644e-02 5.583330243825912476e-02 5.726895853877067566e-02 -2.600323036313056946e-02 -6.106733344495296478e-03 1.828265190124511719e-02 1.714074052870273590e-02 -1.488587004132568836e-03 -3.397427499294281006e-02 8.583372831344604492e-02
-3.464942430740115820e-14 -6.273158381642218728e-11 -1.666309451531233776e-11 5.527558966100798443e-11 2.184917004266484497e-11 -6.419660636414192822e-11 1.698186591347905505e-10 5.196992836076219646e-11 1.362674834082255870e-10 4.088331409524137428e-11 8.724171558782689573e-12 -9.372440323840436349e-11 7.807032798012869534e-12 3.328414974190785358e-11 7.197793749913472539e-11 4.240489209772491108e-11 -4.552363694343419809e-11 1.488647746739069078e-11 1.565973566097778047e-11 -1.859060821951530329e-10
1.901979092508554459e-03 1.981175271794199944e-03 -7.527534617111086845e-04 4.777844005730003119e-04 -5.340118659660220146e-04 -2.446644008159637451e-03 -1.885795500129461288e-03 -1.933381718117743731e-04 2.459418727084994316e-03 -2.013779478147625923e-03 -1.515219220891594887e-03 1.570187392644584179e-03 6.113902782090008259e-04 -3.153334604576230049e-03 -1.048225909471511841e-03 8.376732585020363331e-04 9.972926636692136526e-05 3.441734705120325089e-03 -8.555353851988911629e-04 7.352689863182604313e-04
1.632796193007379770e-04 3.804716398008167744e-04 4.852755810134112835e-04 -1.891130523290485144e-04 5.640737945213913918e-04 1.340870046988129616e-03 -1.648486126214265823e-03 -2.323646040167659521e-04 -6.649014540016651154e-04 6.514809210784733295e-04 -3.706670249812304974e-04 1.074998872354626656e-03 3.424799069762229919e-04 -1.540723314974457026e-04 -1.071025268174707890e-03 -7.698910776525735855e-04 -5.738970685342792422e-06 -5.135158426128327847e-04 8.341354550793766975e-04 -3.840601129923015833e-04
-1.153900939243612811e-07 1.123649508372182027e-05 -6.945513632672373205e-06 1.082563358068000525e-05 -5.027633847021206748e-07 -1.148695264419075102e-05 1.895996604162064614e-07 6.050071988283889368e-06 9.217769729730207473e-06 -7.817557161615695804e-06 -6.792232852603774518e-06 -8.971746865427121520e-06 -4.032884135085623711e-06 -9.302701982960570604e-06 -3.546007519616978243e-06 1.712788275654020254e-06 -1.783494418816644611e-08 1.195652112073730677e-05 -2.803141342155868188e-06 -4.212395651848055422e-06
-8.397381752729415894e-03 1.943335984833538532e-03 -8.402306586503982544e-03 1.388180721551179886e-02 9.675910114310681820e-04 -3.005061484873294830e-02 2.801350131630897522e-02 5.168637726455926895e-03 2.842649072408676147e-02 -1.446692459285259247e-02 2.785427961498498917e-03 -1.339163724333047867e-02 -1.606431975960731506e-02 -2.104008453898131847e-04 7.617248775204643607e-05 7.490798830986022949e-03 -4.055888857692480087e-03 1.254289224743843079e-02 -2.168256044387817383e-02 -6.809839513152837753e-03
-5.537433359070753625e-11 -6.532076962662003439e-11 1.189541104507085834e-10 -1.510820635264309431e-10 1.050955086845384301e-10 1.970134749784691053e-10 -9.170664921898108446e-11 -4.766161857544526370e-12 -2.342419314071975123e-10 7.134599855351808628e-11 7.851410493975308214e-11 1.257348114513945347e-10 6.463957147317955787e-11 2.408889754335064026e-10 -9.524697697216311099e-11 -1.436008395527821335e-10 -2.930009707080571957e-11 -1.474565886061540709e-10 2.737856295842444609e-11 9.649751137041917559e-11
-3.666376578621566296e-04 9.755765786394476891e-04 8.991832728497684002e-04 -5.109262419864535332e-04 2.057773759588599205e-03 1.719836494885385036e-03 -1.395912608131766319e-03 5.993189406581223011e-04 -6.296621868386864662e-04 4.980554804205894470e-04 -1.154135446995496750e-03 9.410339989699423313e-04 6.126598600530996919e-05 -2.636781428009271622e-04 -1.219716621562838554e-03 -6.650516879744827747e-04 -7.416283187922090292e-05 -5.009774467907845974e-04 1.277144649066030979e-03 -4.313359386287629604e-04
-3.057972435271949507e-06 6.810366357967723161e-06 -3.006806821304053301e-07 1.649031901251873933e-06 6.843685241619823501e-06 8.062917913775891066e-06 -7.397315584967145696e-06 1.738470359669008758e-06 -4.598857685778057203e-06 -1.323997594226966612e-06 -7.494825240428326651e-06 6.310339813353493810e-06 -1.167165009974269196e-06 -3.628776084951823577e-06 -3.894931523973355070e-06 -5.221780611464055255e-06 3.756092837647884153e-06 1.865026092673360836e-06 1.051251001626951620e-05 -5.072261046734638512e-06
1.743648908814066090e-06 -1.183299355034250766e-05 1.891555939437239431e-06 -8.923205314204096794e-06 -2.187714926549233496e-06 1.920467366289813071e-05 -9.467277095609460957e-07 -1.211535527545493096e-05 -1.999170854105614126e-05 1.424122910975711420e-05 1.040376628225203604e-05 5.087640147394267842e-06 -1.202729151827952592e-07 1.720873842714354396e-05 3.694729684866615571e-06 -1.293488094233907759e-05 5.018366209696978331e-06 -1.768140464264433831e-05 5.590899490925949067e-06 3.000399829033995047e-06
-2.653851988725364208e-04 3.820132697001099586e-04 -3.154817968606948853e-04 4.986387793906033039e-04 2.673863782547414303e-04 -3.528314409777522087e-04 1.339113223366439342e-04 2.991383080370724201e-04 3.776355588342994452e-04 -2.128040359821170568e-04 -1.541037490824237466e-04 -2.962589205708354712e-04 -2.463880227878689766e-04 -3.352064231876283884e-04 -3.781843042816035450e-05 1.144927882705815136e-04 9.446806507185101509e-05 2.098133118124678731e-04 2.413633046671748161e-04 -6.514929700642824173e-04
-2.760949335822715511e-08 -8.428753517364384606e-08 -3.699033968018738960e-08 -4.505138306853950780e-08 -1.070787050139188068e-07 -1.066675352490165096e-07 1.604179971081975964e-07 1.395587734265291147e-08 2.963178502568553085e-08 -1.347564726472683105e-08 6.710840949608609662e-08 -2.039514690466148750e-08 6.634925941995106768e-09 5.836551864035754988e-08 1.337023434189177351e-07 1.163118668046081439e-07 -1.596134424630690773e-08 -7.210063213136663762e-09 -1.130349573941202834e-07 1.215340716953505762e-07
1.492476530984276906e-05 2.084830703097395599e-05 -1.660417183302342892e-05 6.252892035263357684e-06 -5.335996320354752243e-06 -5.764588422607630491e-05 2.404226688668131828e-05 1.901976065710186958e-05 6.706396379740908742e-05 -4.764337063534185290e-05 -1.875438647402916104e-05 -1.355045515083475038e-05 1.478243802921497263e-06 -3.389540142961777747e-05 -1.058628095051972196e-05 1.457167127227876335e-05 -9.586914529791101813e-06 5.354564200388267636e-05 -1.716827500786166638e-05 1.532401438453234732e-05
-1.099739506571495440e-06 -3.978019230999052525e-05 4.539544897852465510e-05 -4.412090856931172311e-05 9.499480256636161357e-06 6.269431469263508916e-05 -1.721189801173750311e-05 -3.375441156094893813e-05 -4.780088420375250280e-05 8.399445505347102880e-06 2.952771319542080164e-05 1.776969838829245418e-05 3.239974103053100407e-05 6.092105468269437551e-05 3.419438371565775014e-06 7.859282959543634206e-06 1.399904431309551001e-05 -8.504048309987410903e-05 -8.578978849982377142e-06 5.953048821538686752e-05
-3.023948520421981812e-04 2.808274621202144772e-05 -4.387183580547571182e-04 3.909678489435464144e-04 -2.815171028487384319e-04 -1.721263630315661430e-03 9.709442383609712124e-04 9.302394464612007141e-04 1.258724951185286045e-03 -4.765164630953222513e-04 1.043963493430055678e-04 -7.774441037327051163e-04 -7.818250451236963272e-04 -4.124115221202373505e-04 -1.441693893866613507e-04 1.677457330515608191e-04 -6.380093982443213463e-04 1.288669300265610218e-03 -7.086626137606799603e-04 -7.222550339065492153e-04
1.346684643067419529e-03 -3.532850416377186775e-03 -2.932377392426133156e-03 -7.706076139584183693e-04 -3.713487647473812103e-03 -6.411182694137096405e-03 9.894060902297496796e-03 -1.497509423643350601e-03 5.350308027118444443e-03 1.981757959583774209e-04 6.346342619508504868e-03 -4.203146789222955704e-03 8.385849650949239731e-04 2.728411229327321053e-03 7.952609099447727203e-03 6.047612521797418594e-03 9.195191087201237679e-04 -9.924764744937419891e-04 -6.010699551552534103e-03 2.910191891714930534e-03
-5.159668158739805222e-03 1.070233061909675598e-02 -9.317383170127868652e-03 1.028976403176784515e-02 -7.220322266221046448e-03 -2.355910651385784149e-02 3.653028607368469238e-02 8.875182829797267914e-03 2.782114408910274506e-02 -9.499100968241691589e-03 -5.684125237166881561e-03 -2.461556904017925262e-02 1.142364693805575371e-03 -7.727723568677902222e-03 1.827399060130119324e-02 3.283814713358879089e-02 9.914075024425983429e-03 8.710543625056743622e-03 -1.067301444709300995e-02 9.218089282512664795e-03
2.624237640702631325e-05 -1.233596776728518307e-05 -1.674984196142759174e-05 2.135050090146251023e-05 -7.601294055348262191e-05 -5.644194607157260180e-05 4.956148404744453728e-05 -2.665046122274361551e-05 3.720077438629232347e-05 -2.274809412483591586e-05 3.760600520763546228e-05 -4.839160828851163387e-05 5.493336061590525787e-07 -1.711114236968569458e-05 3.754296267288736999e-05 4.473480294109322131e-05 4.232346327626146376e-06 5.258152668830007315e-06 -4.871806595474481583e-05 3.756656224140897393e-05
6.511835381388664246e-04 -7.682582945562899113e-04 5.731161800213158131e-04 -5.278956377878785133e-04 -3.640699142124503851e-04 1.000485848635435104e-03 -1.892691594548523426e-03 -3.600226773414760828e-04 -1.679129665717482567e-03 7.017855532467365265e-04 3.304278361611068249e-04 9.422632865607738495e-04 -1.044868258759379387e-04 7.367687067016959190e-04 -1.397261163219809532e-03 -1.752654206939041615e-03 -3.277753130532801151e-04 -1.135156981035834178e-05 1.990847958950325847e-04 -5.150652723386883736e-04
1.170470831368675135e-09 -9.857454852379987642e-10 6.877360902990403702e-10 -1.096663759803107041e-09 3.934248204995327569e-10 1.512200142883557419e-09 -2.557155598381655182e-09 -9.091830066587647252e-10 -1.120501913476346090e-09 3.819565219664866618e-10 -1.154896067667721127e-09 1.829564166833108629e-09 5.792171187124495191e-10 -3.073001852982315540e-10 -1.020527773398782756e-09 -2.074713512101311608e-09 -5.399325084254336105e-11 3.182799024337157334e-10 2.828678125066375060e-10 -2.057148895673321931e-10
-8.843360774335451424e-06 1.292156412091571838e-06 -2.936743612735881470e-06 4.574089416564675048e-06 -1.081613845599349588e-06 -4.426201030582888052e-06 9.926518941938411444e-06 4.006441031378926709e-06 -5.985857001178374048e-07 -2.503349605831317604e-06 6.292198122537229210e-06 -6.393712737917667255e-06 -4.226973487675422803e-06 4.615646957972785458e-06 3.616586127463961020e-06 7.131811798899434507e-07 1.510167521701077931e-06 -4.673043179082014831e-07 3.357626837896532379e-06 -6.259080691961571574e-06
8.812075975583866239e-06 2.194012340623885393e-04 3.813898001681081951e-05 2.624832086439710110e-05 1.577943912707269192e-04 4.805012213182635605e-05 -3.690770827233791351e-04 1.349023514194414020e-04 5.102595241623930633e-05 -1.147882067016325891e-04 -2.833101607393473387e-04 1.609849568922072649e-04 1.098011216527083889e-05 -2.382293168921023607e-04 -2.889599709305912256e-04 -1.758057187544181943e-04 -2.072281131404452026e-05 2.464906428940594196e-04 1.237084798049181700e-04 -1.311731466557830572e-04
1.744027485983679071e-06 -3.983514488936634734e-06 2.521291889934218489e-06 -3.455153546383371577e-06 -1.237623905581131112e-06 1.999731239266111515e-06 -9.741028179632849060e-07 -2.274806547575281002e-06 -2.838432010321412235e-06 1.631274244573432952e-06 2.487948222551494837e-06 1.960665485967183486e-06 1.484642439208982978e-06 3.700780553117510863e-06 8.704751621735340450e-07 -1.189579990068523330e-07 2.070310500812411192e-08 -2.563502675911877304e-06 -2.192020929214777425e-06 3.892484528478235006e-06
-3.177745034918189049e-03 3.236572723835706711e-03 4.469217732548713684e-03 -3.444495610892772675e-03 9.846568107604980469e-03 1.462147478014230728e-02 -1.217474788427352905e-02 -4.031938500702381134e-03 -1.050393003970384598e-02 5.054118111729621887e-03 -1.814996474422514439e-03 1.216568239033222198e-02 1.097932225093245506e-03 4.135780967772006989e-03 -2.791921840980648994e-03 -1.342096924781799316e-02 3.849550383165478706e-03 -6.789896171540021896e-03 8.741849102079868317e-03 -9.795043151825666428e-04
-8.964577205006207805e-07 -9.124342170707677724e-08 1.872800652336081839e-07 -6.275118380472122226e-07 6.845823463663691655e-07 1.942341668836888857e-06 -8.625675036455504596e-07 -2.978615896154224174e-07 -1.648625016059668269e-06 5.870331278856610879e-07 -3.429847765801241621e-07 9.572293038218049332e-07 -1.020998965373109968e-07 1.026730274134024512e-06 8.166475140569673385e-08 -1.181913034997705836e-06 5.875227770957280882e-07 -1.006476850307080895e-06 1.339304276370967273e-06 1.400614166868763277e-07
-7.222319964306223028e-10 9.023675140440445830e-10 4.286419275079111912e-10 8.748751167964030628e-10 7.317040306986655196e-10 1.130676108296313487e-09 -1.419319994866441448e-09 6.168812682894042609e-11 -1.308148700474021098e-09 -7.762569476099656640e-10 -1.302978058781434356e-09 -4.623268781700495822e-11 -1.218572132088979743e-09 -1.013448103215353058e-09 -1.613099875896750746e-09 -1.088884205024953644e-09 9.122606559053281217e-10 -1.813297706432237533e-10 1.436291863221583753e-09 -6.844514954806868445e-10
4.318809498306805277e-19 5.509251388247382089e-19 7.188847825890898930e-19 5.856475443015117979e-19 -1.919543212587051828e-20 5.129582724915902225e-19 -2.053756905276006094e-18 1.011100913031743166e-18 -3.281056102155567575e-19 -4.652621077935935246e-19 9.938054970014484797e-19 1.580093718536776740e-19 8.533439217377736637e-19 1.565146900910067379e-18 -2.139067143775896912e-18 -7.494593425830046093e-19 -1.084846132592376966e-18 8.710381422208954787e-19 -9.408147559976529900e-19 1.364049161035922577e-18
2.839329660275780043e-08 3.980847296247702616e-08 5.141886472159740151e-09 -3.703348294692432319e-09 4.372007467168259609e-08 2.978420354793342995e-08 -7.329239082309868536e-08 2.082140859727132920e-08 1.386982351192500573e-08 3.928314562529067189e-09 -6.845608169214756344e-08 8.888829228226313717e-08 4.870493697239908215e-08 -5.010785386616589676e-08 -4.757690064138841990e-08 2.524453091012901496e-09 -8.910569171405313682e-09 2.713677105248279986e-08 6.568162014275458205e-09 1.408478578213134824e-08
9.790969670575577766e-07 -1.790962414816021919e-05 -4.506440291152102873e-06 -2.004789848797372542e-06 -1.485503707954194397e-05 -1.083023835235508159e-05 3.233859024476259947e-05 -8.191402230295352638e-06 3.410629858535685344e-07 4.725675808003870770e-06 2.285114169353619218e-05 -1.280562901229131967e-05 -3.239025545553886332e-06 1.641849121369887143e-05 1.770870039763394743e-05 8.690628419572021812e-06 -1.731570819174521603e-06 -6.375549673975910991e-06 -1.015970610751537606e-05 2.851040107998414896e-06
-2.384004176292364718e-07 -7.664027634746162221e-07 6.678111731162061915e-06 -4.517036359175108373e-06 6.624281468248227611e-06 1.164056266134139150e-05 -4.744047600979683921e-06 -3.143602725685923360e-06 -4.007662028016056865e-06 3.589192601793911308e-06 -2.418879148535779677e-06 6.272662176343146712e-06 7.541394097643205896e-06 -3.071377250307705253e-06 -1.950122396010556258e-06 1.446848045816295780e-06 4.434074071468785405e-06 -6.890110853419173509e-06 5.721258276025764644e-06 7.837872544769197702e-06
3.593055997043848038e-03 1.109926495701074600e-02 3.807374043390154839e-03 2.502440707758069038e-03 9.398031979799270630e-03 3.947664983570575714e-03 -2.349635213613510132e-02 8.066774345934391022e-03 -4.401932004839181900e-03 5.600815056823194027e-04 -8.920168504118919373e-03 1.390283368527889252e-02 4.326374735683202744e-03 -8.067163638770580292e-03 -2.048314735293388367e-02 -8.496253751218318939e-03 -5.241950508207082748e-03 9.828899987041950226e-03 3.117971820756793022e-03 -5.623760633170604706e-03
5.567787447944283485e-04 -1.095982384867966175e-03 1.166976522654294968e-03 -1.561753568239510059e-03 -4.064196255058050156e-04 1.694972394034266472e-03 -9.062425815500319004e-04 -1.426332979463040829e-03 -1.618282170966267586e-03 3.529223904479295015e-04 6.898396532051265240e-04 1.520326477475464344e-03 1.499860081821680069e-03 1.005207188427448273e-03 8.982797153294086456e-04 2.036806254182010889e-04 7.857129094190895557e-04 -1.999785657972097397e-03 -4.585081478580832481e-04 2.691722474992275238e-03
-5.149245830074478114e-13 -1.577130082346805962e-13 2.155736093106819240e-12 -9.128163719687720778e-13 8.078241309390776781e-13 1.358095710543572032e-12 -1.566186416668280401e-12 7.580232557098665058e-13 -1.653368089139795050e-12 -3.241782791643318951e-14 1.814193652076301344e-12 -3.851487542522874508e-13 6.480397273488092136e-13 3.050646107255472472e-12 -1.552576752057721610e-12 -7.192696958868705082e-13 -1.253282417082446365e-12 -1.488397838138311169e-12 -1.069293958932959754e-12 1.305778618912456501e-12
2.919578037108294666e-05 -3.246613232477102429e-06 -4.262696893420070410e-05 6.767505965399323031e-06 -7.924980309326201677e-05 -1.289718347834423184e-04 9.768080781213939190e-05 -9.779457741387886927e-07 4.999752854928374290e-05 -5.154385871719568968e-05 1.721729859127663076e-05 -5.719452747143805027e-05 2.385248080827295780e-05 6.238829428184544668e-06 5.601795419352129102e-05 6.519791350001469254e-05 -1.033521039062179625e-05 5.915516521781682968e-05 -4.472049840842373669e-05 6.561482587130740285e-05
-1.534606235509272665e-05 -1.957116364792454988e-05 -2.823561089826398529e-06 6.270401627261890098e-06 -2.335288445465266705e-05 -1.512044673290802166e-05 2.707015664782375097e-05 -7.657895935153646860e-07 -1.597910886630415916e-05 -3.335960911954316543e-07 1.694821548881009221e-05 -1.084659197658766061e-05 -1.817741213017143309e-05 2.091792521241586655e-05 1.615437395230401307e-05 7.264194437084370293e-07 -2.072894176308182068e-06 1.305313759303317056e-07 -8.886190698831342161e-06 -5.179046638659201562e-06
1.431255484931170940e-03 -8.670305833220481873e-03 -2.127139596268534660e-03 -1.374788698740303516e-03 -1.173497829586267471e-02 -3.197074169293045998e-03 5.653257016092538834e-03 -5.234132520854473114e-03 -2.316182246431708336e-03 6.725096609443426132e-04 6.743626203387975693e-03 -6.389137357473373413e-03 -6.205522920936346054e-03 3.388936165720224380e-03 3.129432676360011101e-03 -4.770961124449968338e-03 1.781162223778665066e-03 5.520242848433554173e-04 -2.235519204987213016e-04 -1.980122877284884453e-03
3.416075060158618726e-06 -7.845310392440296710e-06 4.933276613883208483e-06 -6.897575076436623931e-06 -2.345548182347556576e-06 3.902896878571482375e-06 -1.833411261031869799e-06 -4.422216534294420853e-06 -5.696137122868094593e-06 3.343750904605258256e-06 5.089249043521704152e-06 3.925474629795644432e-06 2.919028020187397487e-06 7.397600256808800623e-06 1.725545530462113675e-06 -1.381326768523649662e-07 -5.606409914094001579e-08 -5.088123543828260154e-06 -4.442813406058121473e-06 7.773031938995700330e-06
-2.755590539891272783e-04 -2.587822265923023224e-03 9.231317788362503052e-03 -6.377435289323329926e-03 5.672018509358167648e-03 1.133161410689353943e-02 -6.158493459224700928e-03 -4.646962508559226990e-03 -5.195258650928735733e-03 1.391973928548395634e-03 -1.925919787026941776e-03 5.320020485669374466e-03 3.076255321502685547e-03 2.842096379026770592e-03 -2.080034697428345680e-03 -1.162102096714079380e-03 3.399743232876062393e-03 -9.744697250425815582e-03 -2.057414269074797630e-03 3.064781893044710159e-03
7.967914257278607693e-07 -3.350434417370706797e-05 3.036625821550842375e-05 -4.988408181816339493e-05 9.161262823909055442e-06 1.344596385024487972e-04 -2.085000232909806073e-05 -8.789022103883326054e-05 -1.107211646740324795e-04 6.227717676665633917e-05 9.795944606594275683e-06 8.098318357951939106e-05 5.210438393987715244e-05 6.503875192720443010e-05 6.833233055658638477e-05 2.400176981609547511e-06 4.058592821820639074e-05 -1.339266455033794045e-04 3.883648241753689945e-05 1.022556534735485911e-04
4.445212653081398457e-06 1.380799130856757984e-05 -2.460522637193207629e-06 5.750829586759209633e-06 8.373091986868530512e-06 3.922766609321115538e-06 -1.343284293398028240e-05 3.396738520677899942e-06 7.486446975235594437e-06 -2.265979219373548403e-06 -1.621036244614515454e-05 5.878109277546172962e-06 5.797563062515109777e-06 -1.860929296526592225e-05 -5.783344022347591817e-06 3.686147692860686220e-06 2.683125558178289793e-06 6.712612048431765288e-06 6.188929546624422073e-06 -1.729356199575704522e-06
-1.463010557927191257e-04 -9.789754403755068779e-04 1.124700502259656787e-04 -1.331899897195398808e-03 -1.871929416665807366e-04 1.893614535219967365e-03 -5.427666474133729935e-04 -1.296602073125541210e-03 -1.971245044842362404e-03 9.763874113559722900e-04 3.381349088158458471e-04 5.314617883414030075e-04 -1.864929799921810627e-05 1.214202377013862133e-03 5.836430937051773071e-04 -1.601926051080226898e-03 1.194830983877182007e-03 -1.367344753816723824e-03 1.146928523667156696e-03 3.523702907841652632e-04
-1.358609879389405251e-03 4.482216201722621918e-03 -6.536527071148157120e-04 8.260536938905715942e-03 6.893733981996774673e-03 -3.151075216010212898e-03 -7.612705230712890625e-04 5.707607604563236237e-03 7.258056662976741791e-03 -4.433262511156499386e-04 -5.331722786650061607e-04 -2.125101862475275993e-03 -6.898002699017524719e-03 -1.479006605222821236e-03 -8.054573088884353638e-03 -2.043883781880140305e-03 -6.110019981861114502e-03 8.332118159160017967e-04 -4.112415015697479248e-03 -1.106432918459177017e-02
2.377029450144618750e-04 -5.077837849967181683e-04 5.917313392274081707e-04 -5.345700192265212536e-04 1.554326881887391210e-04 9.034672402776777744e-04 -1.334223197773098946e-04 -2.190655213780701160e-04 -5.312166758812963963e-04 6.069987430237233639e-04 4.497184709180146456e-04 4.145123530179262161e-04 3.918578731827437878e-04 6.031243829056620598e-04 -1.589845669514033943e-05 -8.229668310377746820e-05 -1.618143433006480336e-04 -8.226809441111981869e-04 1.046227043843828142e-04 3.244999970775097609e-04
-2.119962591677904129e-04 9.643995144870132208e-05 -1.238055301655549556e-05 1.922254305100068450e-04 9.880029392661526799e-05 -2.011561737162992358e-04 1.730951771605759859e-04 2.259315660921856761e-04 1.212989081977866590e-04 -4.235082451486960053e-05 2.681981641217134893e-05 -1.996674545807763934e-04 -1.538457145215943456e-04 -2.457173650327604264e-05 -4.727426130557432771e-05 7.331349479500204325e-05 -9.354300709674134851e-05 7.376949361059814692e-05 -5.338983100955374539e-05 -2.242458285763859749e-04
-1.253488357178866863e-03 5.296955350786447525e-04 -4.805415519513189793e-04 1.233227434568107128e-03 -3.083548799622803926e-04 -1.555733731947839260e-03 1.069851685315370560e-03 1.115925377234816551e-03 1.790425012586638331e-04 -6.035843398422002792e-04 1.431446726201102138e-04 -1.281797653064131737e-03 -1.189614064060151577e-03 -2.547216718085110188e-04 -2.342660736758261919e-04 -5.948947000433690846e-05 -2.884428540710359812e-04 1.212319475598633289e-03 -3.357369860168546438e-05 -1.478838152252137661e-03
2.844989765435457230e-03 -3.189773531630635262e-03 1.960992114618420601e-03 -4.305009730160236359e-03 -7.512678275816142559e-04 5.512962117791175842e-03 -4.556110594421625137e-03 -4.664084408432245255e-03 -7.063782773911952972e-03 3.194600110873579979e-03 3.105079988017678261e-03 3.926522564142942429e-03 2.186335856094956398e-03 4.719336517155170441e-03 -8.111562929116189480e-04 -5.820724647492170334e-03 1.050018589012324810e-03 -3.162106266245245934e-03 6.873789243400096893e-04 2.129346830770373344e-03
-2.910720468207728118e-06 2.548926277086138725e-04 2.467172998876776546e-05 7.421597547363489866e-05 3.845425380859524012e-04 2.211469836765900254e-04 -2.879564708564430475e-04 9.615865565137937665e-05 8.673709089634940028e-05 3.214482057956047356e-05 -2.175653644371777773e-04 2.044999855570495129e-04 2.529927587602287531e-04 -1.276763505302369595e-04 -1.974665792658925056e-04 5.975082240183837712e-05 3.182298678439110518e-05 -1.134066988015547395e-04 7.977942004799842834e-05 4.656305463868193328e-05
4.505738979787565768e-05 3.392481594346463680e-04 3.783233114518225193e-05 -2.387107633694540709e-05 2.468530437909066677e-04 1.060385693563148379e-04 -4.099390935152769089e-04 1.004829900921322405e-04 5.451355536933988333e-05 -1.747022761264815927e-04 -3.960864269174635410e-04 3.679314104374498129e-04 2.327356633031740785e-04 -2.595079131424427032e-04 -1.131124008679762483e-04 3.758235470741055906e-05 4.703562080976553261e-05 1.498621859354898334e-04 4.765629273606464267e-05 2.937700774054974318e-04
-7.668544554917389178e-08 1.963644251645746408e-07 7.945331503833585884e-08 -6.893605331015351112e-08 5.198517669668945018e-07 6.387335247381997760e-07 -6.464477451118000317e-07 -1.352395742060252815e-07 -3.764876339573675068e-07 4.033379141787918343e-08 -4.556053170290397247e-07 5.142919121681188699e-07 -1.273734451245900345e-08 -4.711359125053604657e-08 -3.890075959134264849e-07 -5.348566674001631327e-07 1.808811163073187345e-07 -2.095589053396906820e-07 3.877569838550698478e-07 -1.972739909206211451e-07
-2.908387196263876285e-19 5.364826234906991658e-20 6.062589723111667187e-19 -7.158022294129256797e-20 5.685297653077628740e-19 4.325632445890660641e-19 -5.508390603422444094e-19 5.839489289136341555e-19 -5.717149276539748762e-19 2.004714607528655913e-19 3.291532861601434516e-19 2.606253532168230202e-19 2.110082683413250538e-19 9.517287837948307754e-19 -7.653475692949817421e-19 -2.863799317813912442e-19 -6.393370978265497423e-19 -2.936836780962930558e-19 -2.582967363949096781e-19 2.189940767700651212e-19
7.819259190000593662e-04 -1.147058210335671902e-03 1.763320906320586801e-04 -9.706821292638778687e-04 -1.124854199588298798e-03 9.653609595261514187e-04 -1.972542813746258616e-04 -1.190970418974757195e-03 -1.469001290388405323e-03 7.126502459868788719e-04 1.032668398693203926e-03 2.962875005323439837e-04 2.575870021246373653e-04 1.245603780262172222e-03 3.478167054709047079e-04 -7.851314148865640163e-04 2.993029484059661627e-04 -9.674027096480131149e-04 -3.294309426564723253e-04 1.125933602452278137e-03
-3.430636525081354193e-06 -6.294086688285460696e-06 -3.200654828106053174e-05 2.836504427250474691e-05 -2.701662015169858932e-05 -6.683626997983083129e-05 5.417010470409877598e-05 1.226894823957991321e-06 2.330364077351987362e-05 -1.141873053711606190e-05 3.529330206220038235e-05 -5.058146052761003375e-05 -1.270527627639239654e-05 8.587466254539322108e-06 1.775676173565443605e-05 2.590400981716811657e-05 -5.471855274663539603e-06 2.235553438367787749e-05 -2.341563777008559555e-05 -9.647626939113251865e-06
-1.356124934570601681e-11 -3.186441041580501121e-11 3.905098466816525615e-11 -2.106526238165873366e-11 1.201647288617824216e-11 1.566765987781604252e-11 -6.675982249654266454e-12 1.242103902371338719e-11 -3.664046149820521237e-11 2.710158139573870528e-11 4.220491317541430476e-11 8.634798063199278229e-13 5.279970471255834852e-12 6.812420766388882498e-11 -2.125447387535395194e-11 4.810906881203003138e-12 -3.870491774304873900e-11 -3.823072067254962292e-11 -2.443616316238905739e-11 2.305338558938885285e-11
-1.635514854569919407e-05 -5.334041998139582574e-05 4.653526048059575260e-05 -4.783567783306352794e-05 1.439875904907239601e-05 7.856638694647699594e-05 3.651421707218105439e-07 -3.037167334696277976e-05 -8.757476462051272392e-05 5.555035750148817897e-05 2.563378620834555477e-05 4.661465936806052923e-05 1.773121402948163450e-05 6.275823398027569056e-05 3.645980177680030465e-05 2.113443315465701744e-06 -5.605171509159845300e-07 -8.719837933313101530e-05 5.302224053593818098e-06 4.008192991022951901e-05
1.062073124558082782e-06 -1.127757877839030698e-05 1.670595565883559175e-06 -7.896224815340247005e-06 -2.087912207571207546e-06 1.899137896543834358e-05 -8.274278116005007178e-07 -1.167174559668637812e-05 -1.952002821781206876e-05 1.447960039513418451e-05 1.060838621924631298e-05 4.461936896404949948e-06 -6.994118280090333428e-07 1.681491085037123412e-05 3.168191597069380805e-06 -1.296500977332470939e-05 5.389092166296904907e-06 -1.718189923849422485e-05 5.513732048711972311e-06 1.364913600809813943e-06
-7.202855613286374137e-06 6.722639682266162708e-06 -4.298826679587364197e-04 2.676807926036417484e-04 -5.617215647362172604e-04 -1.053070416674017906e-03 7.726674666628241539e-04 1.600497198523953557e-04 5.988733028061687946e-04 -4.208184254821389914e-04 1.681331777945160866e-04 -6.189863779582083225e-04 -2.608553622849285603e-04 -1.433881261618807912e-04 2.759229391813278198e-04 3.676293999888002872e-04 -1.319597358815371990e-04 5.475263460539281368e-04 -2.798526547849178314e-04 -3.758688035304658115e-05
6.359736062222509645e-07 8.394870860684022773e-07 1.622781041987764183e-06 5.154051763156530797e-08 3.279626071162056178e-06 4.295089183870004490e-06 -4.470186013350030407e-06 -1.507970864622620866e-06 -6.666390390819287859e-07 1.163774072665546555e-06 -1.545672830616240390e-06 7.132744599402940366e-07 -6.672750032521435060e-07 -3.024313599553352105e-08 -2.405011400696821511e-06 -3.218513938918476924e-06 3.816213620666530915e-07 -2.072447159662260674e-06 1.110289645112061407e-06 -2.948830342575092800e-06
-7.174442289397120476e-04 -5.291036795824766159e-03 1.571581233292818069e-03 -6.648821756243705750e-03 -2.928862522821873426e-04 1.042196247726678848e-02 -3.354397602379322052e-03 -6.644794717431068420e-03 -1.007981039583683014e-02 5.207933019846677780e-03 1.785080763511359692e-03 3.006369806826114655e-03 5.943419528193771839e-04 6.220540497452020645e-03 2.558550331741571426e-03 -7.632989436388015747e-03 5.874135997146368027e-03 -7.796602789312601089e-03 5.523429252207279205e-03 2.262657741084694862e-03
4.380881648557988228e-07 4.315993464842904359e-06 -1.066711888597637881e-06 -6.553514140250626951e-07 6.696398941130610183e-06 4.928196176479104906e-06 -1.375570718664675951e-05 2.108894477714784443e-06 -1.307056550103879999e-06 6.244207497729803436e-07 -1.122661342378705740e-05 1.216277996718417853e-05 -1.005026433631428517e-06 -7.254343472595792264e-06 -6.126113930804422125e-06 -6.830863640061579645e-06 8.545446235075360164e-07 7.503007054765475914e-06 5.154648079042090103e-06 -5.628911367239197716e-06
7.113679021131247282e-05 3.047120662813540548e-05 -7.864817162044346333e-04 6.057792925275862217e-04 -9.122169576585292816e-04 -1.989752752706408501e-03 1.781341386958956718e-03 2.103916049236431718e-04 1.259171753190457821e-03 -7.691874634474515915e-04 3.795682569034397602e-04 -1.506256172433495522e-03 -4.009638360003009439e-06 8.031192919588647783e-06 8.478580857627093792e-04 1.129026408307254314e-03 -2.123632730217650533e-04 7.667321478947997093e-04 -8.984222658909857273e-04 5.878697847947478294e-04
-4.918411374092102051e-03 3.665535245090723038e-03 -1.989063806831836700e-03 3.785049775615334511e-03 3.175573656335473061e-03 -4.010321106761693954e-03 2.129214582964777946e-03 2.165215555578470230e-03 3.708276199176907539e-03 -2.500351751223206520e-03 -2.126451116055250168e-03 -4.374506883323192596e-03 -3.124799812212586403e-03 -1.506313681602478027e-03 -6.901326705701649189e-04 -9.830922354012727737e-04 1.694618724286556244e-03 1.114372047595679760e-03 1.080583431757986546e-03 -5.683145485818386078e-03
2.510572667233645916e-04 -2.781785326078534126e-03 -2.508636971469968557e-04 5.157637060619890690e-04 -4.108100663870573044e-03 -2.026937901973724365e-03 2.739053219556808472e-03 -2.037755039054900408e-04 -4.431398119777441025e-04 -2.062180428765714169e-04 2.615525387227535248e-03 -2.816300373524427414e-03 -1.560049131512641907e-03 1.360576599836349487e-03 7.959164795465767384e-04 -4.641129635274410248e-04 -2.058027603197842836e-04 1.107282238081097603e-03 -7.768665673211216927e-04 8.326293755089864135e-05
-2.495929365977644920e-04 1.172411066363565624e-04 -3.812987415585666895e-04 4.566706484183669090e-04 -2.845131384674459696e-04 -1.077820896171033382e-03 7.778036524541676044e-04 1.647375611355528235e-04 5.789945134893059731e-04 -3.724192210938781500e-04 2.328100963495671749e-04 -7.100144284777343273e-04 -3.573712892830371857e-04 -1.044267992256209254e-04 2.035021025221794844e-04 2.931781928054988384e-04 -1.198093013954348862e-05 4.125135019421577454e-04 -3.593891160562634468e-04 -3.528186935000121593e-04
2.419327152892947197e-03 -7.192277349531650543e-03 -6.315240752883255482e-04 -4.282963462173938751e-03 -5.532419774681329727e-03 2.545823575928807259e-03 4.742531105875968933e-03 -5.996821913868188858e-03 -3.226210596039891243e-03 3.578459611162543297e-03 5.751849967055022717e-04 3.157659433782100677e-03 3.269473090767860413e-03 2.589440206065773964e-03 9.093119762837886810e-03 4.138696007430553436e-03 4.713598173111677170e-03 -5.248429253697395325e-03 -1.626541954465210438e-03 6.551318801939487457e-03
-3.482520332909189165e-05 1.623084062885027379e-05 -1.911901563289575279e-05 3.586267121136188507e-05 1.709500065771862864e-05 -2.464775570842903107e-05 2.834632323356345296e-05 1.584596066095400602e-05 2.978513475682120770e-05 -3.745033609448000789e-06 1.218978013639571145e-05 -4.316514241509139538e-05 -2.611331910884473473e-05 1.106616400647908449e-05 -1.478954982303548604e-05 -4.064016138727311045e-06 -6.434530405385885388e-06 -6.548844794451724738e-06 6.395680884452303872e-06 -5.428222721093334258e-05
3.140518965665251017e-04 -3.048602957278490067e-03 -2.583360532298684120e-03 1.437561819329857826e-03 -5.123232956975698471e-03 -4.522750154137611389e-03 3.517361823469400406e-03 6.695045740343630314e-04 2.249333483632653952e-04 -1.160216634161770344e-04 3.354178508743643761e-03 -5.267002154141664505e-03 -4.913385957479476929e-03 9.286332642659544945e-04 -1.135949045419692993e-03 -3.678743494674563408e-03 -2.327482914552092552e-03 3.132325364276766777e-03 -1.850468106567859650e-03 -6.735753268003463745e-03
5.927386155235581100e-06 2.184723234677221626e-05 -1.977604733838234097e-05 3.758029924938455224e-05 -1.378189244860550389e-05 -4.827004522667266428e-05 6.777941962354816496e-06 8.742695172259118408e-06 5.843785766046494246e-05 -2.713811227295082062e-05 9.135250365943647921e-06 -4.921121580991894007e-05 -2.688974200282245874e-05 -2.893421333283185959e-05 -1.853388857853133231e-05 -3.254611556258169003e-06 -1.190458988276077434e-05 4.098379577044397593e-05 -3.458043647697195411e-05 -2.629702066769823432e-05
1.169787487015128136e-03 3.928901627659797668e-03 -8.043930865824222565e-04 1.160573330707848072e-03 6.192491273395717144e-04 6.028061034157872200e-04 -5.793322343379259109e-03 4.152205074205994606e-04 -7.266593165695667267e-04 -5.487999878823757172e-04 -3.349201055243611336e-03 3.322752425447106361e-03 7.099834037944674492e-04 -4.709192551672458649e-03 -3.378153080120682716e-03 -2.661793725565075874e-03 9.303574333898723125e-04 2.873716177418828011e-03 2.802948467433452606e-03 -4.893792793154716492e-04
5.109403748065233231e-03 -1.535885152406990528e-03 1.711458549834787846e-03 -3.593466477468609810e-03 1.131609431467950344e-03 3.472337499260902405e-03 -6.537087727338075638e-03 -3.190052695572376251e-03 8.240673196269199252e-05 1.450615702196955681e-03 -8.084530127234756947e-04 6.675662472844123840e-03 4.890083335340023041e-03 3.424899769015610218e-04 -1.945549505762755871e-03 -1.225922722369432449e-03 -3.535861105774529278e-05 -1.481997896917164326e-04 -2.830995013937354088e-03 5.724247545003890991e-03
-8.806629106402397156e-03 6.495394743978977203e-03 -1.531770220026373863e-03 7.377934642136096954e-03 8.142218925058841705e-03 -7.206056732684373856e-03 3.015719354152679443e-03 7.682987488806247711e-03 6.050765514373779297e-03 -3.633414395153522491e-03 -2.615063451230525970e-03 -7.045717444270849228e-03 -4.155832808464765549e-03 -1.877881702966988087e-03 -3.669611876830458641e-03 -1.341888128081336617e-04 -1.927314558997750282e-03 2.465446945279836655e-03 1.556523144245147705e-03 -9.761504828929901123e-03
4.384258645586669445e-04 -2.169290964957326651e-04 3.622147487476468086e-04 -8.013176848180592060e-04 -7.163217378547415137e-05 2.455174108035862446e-04 -2.323114167666062713e-04 -4.012605641037225723e-04 -2.986793115269392729e-04 -1.578255978529341519e-05 3.452656164881773293e-05 7.333452813327312469e-04 4.078444617334753275e-04 -2.383634091529529542e-05 -2.172278909711167216e-04 -2.870607422664761543e-04 -2.228675875812768936e-04 -1.231718488270416856e-04 -3.886776103172451258e-04 1.122249639593064785e-03
-8.778548362897709012e-05 -6.260429654503241181e-05 1.069079589797183871e-04 9.404949196323286742e-06 1.041270879795774817e-04 2.530076017137616873e-04 -1.041614450514316559e-04 4.113140221306821331e-06 -2.007979928748682141e-04 1.826065708883106709e-04 5.335231617209501565e-05 2.762658004940021783e-05 -7.124101102817803621e-05 1.088372009689919651e-04 -8.559806155972182751e-05 -1.529010914964601398e-04 -5.124471044837264344e-06 -1.053305095410905778e-04 1.715554390102624893e-04 -1.884902158053591847e-04
3.071882063522934914e-03 2.495860971976071596e-04 -4.915277473628520966e-03 1.123544527217745781e-03 -9.085821919143199921e-03 -1.507131569087505341e-02 1.142972521483898163e-02 5.846659769304096699e-05 5.696605890989303589e-03 -6.320236716419458389e-03 1.507511246018111706e-03 -6.388915702700614929e-03 2.193371532484889030e-03 -2.263511851197108626e-04 6.439974997192621231e-03 7.457308936864137650e-03 -1.153814257122576237e-03 6.978949066251516342e-03 -4.796553868800401688e-03 7.604309357702732086e-03
-3.856683382764458656e-03 7.718267850577831268e-03 -3.797879908233880997e-03 8.442971855401992798e-03 -2.861434360966086388e-03 -2.117250114679336548e-02 1.266065426170825958e-02 4.938388708978891373e-03 3.559024306014180183e-03 -1.024458184838294983e-02 1.900663599371910095e-03 -1.481376029551029205e-02 -2.136355498805642128e-03 2.483317861333489418e-03 3.144436341244727373e-04 3.278041956946253777e-03 -3.562937490642070770e-03 1.018782798200845718e-02 -4.248173907399177551e-03 1.747389673255383968e-03
-3.956293312512570992e-06 4.037829057779163122e-06 9.637143421059590764e-07 1.147634407061559614e-06 7.105536496965214610e-06 8.073282515397295356e-06 -8.241199793701525778e-06 -8.704198251052730484e-08 -6.080842467781621963e-06 3.222716259188018739e-06 -3.646689037850592285e-06 7.096305125742219388e-06 1.420920852979179472e-06 8.427114721598627511e-07 -5.615910140477353707e-06 -6.516171197290532291e-06 4.595350219460669905e-06 -1.837511717894813046e-06 7.278594694071216509e-06 -3.150531938445055857e-06
1.221789279952645302e-03 6.676469347439706326e-04 -2.027549548074603081e-03 1.479736529290676117e-03 -2.867516828700900078e-03 -7.123920600861310959e-03 5.661729723215103149e-03 -5.145186441950500011e-04 6.503263954073190689e-03 -3.032938111573457718e-03 1.614769222214818001e-03 -3.360969712957739830e-03 -9.640571661293506622e-04 -1.736177480779588223e-03 1.905133598484098911e-03 3.689065342769026756e-03 -3.337630187161266804e-04 3.351469291374087334e-03 -4.015041515231132507e-03 4.137353389523923397e-04
1.690505235796280203e-10 6.885830239333756708e-10 -1.606538790888123458e-10 6.425889681471730341e-11 6.132988006335438058e-10 7.055402789779563477e-11 -5.497233779294674605e-10 3.657955327529549550e-10 1.997141479970210298e-10 -6.160910670516273058e-11 -8.069683810063565943e-10 9.820712021380018086e-10 5.380126344434188468e-10 -6.993036705260635699e-10 -2.650356600852887823e-10 6.067937124987210495e-11 -1.266784871445381100e-10 5.901645283579171064e-10 7.707477711615950966e-11 4.659748698010446333e-10
5.252071332506602630e-06 3.459264189586974680e-05 5.329511623131111264e-06 1.172052088804775849e-05 2.753920853137969971e-05 3.577426832634955645e-05 -7.968037243699654937e-05 1.238876211573369801e-05 -7.036356237222207710e-06 8.611864359409082681e-06 -4.811409962712787092e-05 4.434219226823188365e-05 5.681605671270517632e-06 -3.886512786266393960e-05 -5.410561789176426828e-05 -3.643933814601041377e-05 5.007682943869440351e-07 3.266215571784414351e-05 2.336135730729438365e-05 -3.415577157284133136e-05
4.616192018147557974e-04 2.079538389807567000e-04 -4.165693462709896266e-05 -1.843349164118990302e-04 1.001058408292010427e-04 1.208536996273323894e-04 -7.810785900801420212e-04 -1.458850019844248891e-04 -2.878867380786687136e-04 1.526844062027521431e-05 -1.414770085830241442e-04 5.704640643671154976e-04 2.547239419072866440e-04 -8.076718950178474188e-05 -3.471996751613914967e-04 -5.087506142444908619e-04 -2.034723678434602334e-08 3.763180866371840239e-04 3.693499456858262420e-05 7.501948130084201694e-05
5.187899772046613428e-15 1.458985283118736237e-14 -1.712488352891613358e-14 3.832606822374738306e-15 -5.065638612923454090e-15 1.117803545986608901e-14 -1.424749058423664672e-14 -1.687591852286146610e-14 -3.130304277235412130e-15 3.389467983491495015e-15 -2.312094844736638927e-14 1.593281340466368851e-14 -4.540618793095032094e-15 -3.933048412776626868e-14 2.077169790947537738e-15 -1.042870183384694144e-14 2.056261248512686324e-14 6.540222600688941346e-15 2.325936210127721449e-14 -1.183715330073907557e-14
-1.114485086873173714e-03 4.995214403606951237e-04 -3.962326154578477144e-04 1.017697853967547417e-03 4.631513147614896297e-04 -9.430591017007827759e-04 1.252761576324701309e-03 8.308477117680013180e-04 7.058008341118693352e-04 -1.649733458179980516e-04 -5.498615064425393939e-05 -1.011867774650454521e-03 -9.064050391316413879e-04 9.525216228212229908e-06 1.104632901842705905e-04 6.361700798152014613e-05 9.759183740243315697e-05 2.341153303859755397e-04 -8.404432446695864201e-05 -1.677439780905842781e-03
1.235138345509767532e-02 -2.790465019643306732e-03 -1.433493755757808685e-02 -1.632066676393151283e-03 -1.972744427621364594e-02 -3.060232475399971008e-02 2.412981167435646057e-02 -4.996508941985666752e-04 2.342368476092815399e-02 -1.592641137540340424e-02 3.844563150778412819e-03 -7.169855758547782898e-03 -4.070785653311759233e-04 -8.089295588433742523e-03 1.679747924208641052e-02 1.929762959480285645e-02 -2.684895414859056473e-03 1.208974700421094894e-02 -2.386754751205444336e-02 1.795418374240398407e-02
-1.304276811424642801e-04 9.448159107705578208e-05 -5.856925054104067385e-05 1.472048897994682193e-04 1.098780194297432899e-04 -8.018885273486375809e-05 2.326151006855070591e-04 4.841644476982764900e-05 2.527800097595900297e-04 -1.069227437255904078e-04 -7.663419819436967373e-05 -1.553674519527703524e-04 -1.064718962879851460e-04 -5.560422505368478596e-05 1.472474923502886668e-05 1.287190680159255862e-04 -2.344556014577392489e-05 -6.971939728828147054e-05 -1.593577871972229332e-05 -1.369130623061209917e-04
-2.001122944056987762e-02 -5.496164318174123764e-03 -2.842481993138790131e-02 3.306815773248672485e-02 -4.826999455690383911e-02 -5.607890710234642029e-02 4.788920283317565918e-02 3.908887133002281189e-02 5.456344690173864365e-03 -7.122959359548985958e-04 4.219632223248481750e-02 -4.513107612729072571e-02 -4.450829327106475830e-02 2.261509373784065247e-02 6.965531501919031143e-03 1.679339073598384857e-02 -5.029901862144470215e-02 4.094040766358375549e-02 -2.208697376772761345e-03 -5.096703395247459412e-02
4.693354130722582340e-04 -4.170241008978337049e-04 -1.849747495725750923e-04 -7.566013955511152744e-04 -5.142951849848031998e-04 4.078068013768643141e-04 7.636648660991340876e-05 -9.723512339405715466e-04 -2.593309618532657623e-04 -1.587054430274292827e-04 -3.287348954472690821e-04 9.553529671393334866e-04 7.797334692440927029e-04 1.639751280890777707e-04 8.474296773783862591e-04 6.493310793302953243e-04 6.407550536096096039e-04 -4.772169922944158316e-04 -6.550636026076972485e-04 1.756093464791774750e-03
1.736169680953025818e-03 -9.367004968225955963e-04 -6.304099224507808685e-04 -5.516220116987824440e-04 -1.548877102322876453e-03 -1.656799810007214546e-03 4.428044194355607033e-04 -7.364125340245664120e-04 1.272589550353586674e-03 -1.185379878734238446e-04 1.219682977534830570e-03 3.334561915835365653e-05 3.269547596573829651e-04 3.770116018131375313e-04 -4.753846442326903343e-04 -3.714369668159633875e-04 -1.135400030761957169e-03 1.310404390096664429e-03 -2.027259441092610359e-03 1.279152696952223778e-03
-6.151560228317975998e-04 1.533953472971916199e-03 3.875066759064793587e-03 -1.628250465728342533e-03 4.233611281961202621e-03 5.485035944730043411e-03 -3.385993652045726776e-03 -5.606499616988003254e-04 -1.669156714342534542e-03 6.668040878139436245e-04 -2.335459692403674126e-03 3.319114679470658302e-03 1.820764387957751751e-03 -7.507037371397018433e-04 -1.754588563926517963e-03 1.985585695365443826e-04 1.969906268641352654e-03 -3.628375008702278137e-03 6.943997577764093876e-04 4.772013635374605656e-04
1.044031232595443726e-03 5.687426528311334550e-05 2.244611096102744341e-04 -1.499904901720583439e-03 2.230103360489010811e-03 9.794965153560042381e-04 -4.582706373184919357e-03 4.672834184020757675e-04 -1.219222089275717735e-03 4.356515419203788042e-04 -2.719571348279714584e-03 4.467958118766546249e-03 2.457689493894577026e-03 -1.340858987532556057e-03 -1.449491712264716625e-03 -6.285937706707045436e-05 1.635809749132022262e-04 4.928907728753983974e-04 8.670787210576236248e-04 1.268552150577306747e-03
1.221895720787098419e-29 -9.232997227652336589e-29 -3.282994349982168126e-29 -6.298985972723081210e-30 -1.155689170609802892e-28 -2.896573358527882641e-29 1.194366297606094984e-28 -1.016573834048744258e-28 -2.417349175754144617e-29 2.330712270448823148e-30 3.664266187174202050e-29 -5.858623520340070332e-29 -2.248021114117065030e-29 1.776908256138012279e-29 1.419875240353719293e-28 5.784919385074586058e-29 5.983671744216703072e-29 -6.023298956528685692e-29 -4.373825723228854178e-29 6.481261625032773158e-29
5.709399556508287787e-05 -2.232701051980257034e-03 1.502321392763406038e-04 -1.488625421188771725e-03 -1.662670751102268696e-03 6.251048762351274490e-04 1.240596640855073929e-03 -1.521875266917049885e-03 -1.362726790830492973e-03 8.814510656520724297e-04 1.544268685393035412e-03 1.257865619663789403e-06 -2.620000450406223536e-04 1.929514692164957523e-03 1.284257625229656696e-03 -6.014143582433462143e-04 5.898296949453651905e-04 -1.525418716482818127e-03 -6.045016925781965256e-05 4.469094565138220787e-04
5.201365116391798438e-09 1.881903660683192925e-10 -5.140530223712858060e-09 -4.871494874159054689e-10 -3.778506396656666766e-09 -1.002418859030740350e-08 6.874858904382108449e-09 3.511831103697460321e-10 8.853525024221653439e-09 -4.119753871378861732e-09 -3.877853871347980430e-10 -2.771135543255809353e-09 -1.088446666130948870e-09 -4.291917488075114306e-09 3.653308544571132188e-09 2.019379330420179031e-09 -1.826159223838885737e-09 8.851157140554732905e-09 -2.527410503105897988e-09 1.746538691449472935e-09
2.344187123526353389e-05 -8.217660069931298494e-05 9.926052734954282641e-05 -1.071163424057886004e-04 1.927810262714046985e-05 1.078981949831359088e-04 -3.797173485509119928e-05 -7.253572402987629175e-05 -8.861547394189983606e-05 4.227607496432028711e-05 4.909659401164390147e-05 5.299719123286195099e-05 3.263930557295680046e-05 1.139915184467099607e-04 6.174600002850638703e-06 -1.454981156712165102e-05 1.701572728052269667e-05 -1.413829450029879808e-04 -6.110939466452691704e-06 1.057360859704203904e-04
-2.529430494178086519e-04 6.143721984699368477e-04 -1.319542643614113331e-04 2.893753116950392723e-04 2.804328105412423611e-04 -1.735686673782765865e-04 5.157284704182529822e-06 1.328003563685342669e-04 1.808328088372945786e-04 -2.707214443944394588e-04 -2.417098439764231443e-04 -3.186527756042778492e-04 -3.656475428215344436e-06 -2.496984670870006084e-04 -7.622846169397234917e-05 1.471891446271911263e-04 2.327668480575084686e-04 -5.384698670241050422e-05 1.872930733952671289e-04 -5.431059253169223666e-05
2.647086876095272601e-05 7.414038805109157693e-07 4.967971472069621086e-05 -1.324127242696704343e-05 -1.341369898000266403e-05 5.475275611388497055e-05 -9.818631951930001378e-05 -2.058968857454601675e-05 -8.463163976557552814e-05 5.068727114121429622e-05 1.201725717692170292e-05 5.414490806288085878e-05 3.057725189137272537e-05 3.361848212080076337e-05 -3.364647272974252701e-05 -5.869923188583925366e-05 2.131688415829557925e-05 -1.016629084915621206e-05 2.030052382906433195e-05 2.649782618391327560e-05
2.825728850439190865e-03 -3.595069050788879395e-03 -8.296926505863666534e-03 -2.186828292906284332e-03 -1.183471642434597015e-02 -9.039903990924358368e-03 1.350425090640783310e-02 -8.080352097749710083e-03 6.538571789860725403e-03 -6.586400792002677917e-03 -5.133931525051593781e-03 9.355890797451138496e-04 4.819639027118682861e-03 8.609784417785704136e-04 1.492565590888261795e-02 1.306008826941251755e-02 6.602543871849775314e-03 8.662234176881611347e-04 -1.371586881577968597e-02 1.692839711904525757e-02
-3.435883263591676950e-04 -8.683847408974543214e-05 -4.028948605991899967e-04 1.414734579157084227e-04 -5.327324033714830875e-04 -1.321858493611216545e-03 2.162557648262009025e-04 -2.514995867386460304e-04 7.257467368617653847e-04 -1.149441697634756565e-03 -8.442407306574750692e-06 -6.529564852826297283e-04 -7.037738687358796597e-04 -8.945293666329234838e-05 -1.106159543269313872e-04 -4.441485507413744926e-04 -1.046185061568394303e-04 1.034373533912003040e-03 -5.385038093663752079e-04 5.680013055098243058e-05
1.467734575271606445e-03 7.866541272960603237e-04 3.915604669600725174e-03 -6.336735095828771591e-03 6.363729946315288544e-03 1.964507810771465302e-02 -1.903706230223178864e-02 -6.331238429993391037e-03 -1.615211553871631622e-02 4.407996777445077896e-03 -8.799025788903236389e-03 1.596717163920402527e-02 5.699075292795896530e-03 7.635757210664451122e-04 -2.164571778848767281e-03 -5.822782870382070541e-03 1.074404548853635788e-02 -9.983005002140998840e-03 7.461758796125650406e-03 4.951790906488895416e-03
2.005783608183264732e-05 -8.057187369558960199e-05 6.440118158934637904e-05 -6.418869452318176627e-05 2.679484168766066432e-05 1.310860825469717383e-04 -6.927391950739547610e-05 -5.017765943193808198e-05 -9.280504309572279453e-05 8.536370296496897936e-05 1.550664092064835131e-05 7.790783274685963988e-05 4.063718733959831297e-05 8.124037412926554680e-05 3.862502853735350072e-05 -1.985726885322947055e-05 3.526812361087650061e-05 -1.142953115049749613e-04 3.849352287943474948e-05 2.954340197902638465e-05
