1.504472224041819572e-03 -3.554195573087781668e-04 3.504397463984787464e-04 -1.388191129080951214e-03 -5.521160783246159554e-04 -1.187822665087878704e-03 2.218425797764211893e-04 -1.957895467057824135e-03 -1.543475373182445765e-04 1.350916107185184956e-03 -4.101200902368873358e-04 -4.641527775675058365e-04 -1.947417185874655843e-04 2.584436515462584794e-05 -1.032531145028769970e-03 -1.213056748383678496e-04 4.923940869048237801e-04 4.606015863828361034e-04 -5.267381784506142139e-04 -5.583521560765802860e-04
-5.162574439054878894e-07 -4.561948117043357342e-07 2.714322363317478448e-06 -5.389173907133226749e-07 -2.724474370552343316e-07 -4.063582537128240801e-07 4.396622728108923184e-07 2.743409481809067074e-07 1.465925492993847001e-06 3.194418809471244458e-07 -1.643153723307477776e-06 -8.185418778339226265e-07 3.741092484688124387e-07 4.458380544747342356e-07 -1.762440774655260611e-06 1.003899001261743251e-06 7.685153491365781520e-07 1.084455675481876824e-06 -9.547094350637053140e-07 -9.896782557916594669e-07
-3.169172443449497223e-03 -1.870078267529606819e-03 -2.670373942237347364e-04 1.710286713205277920e-03 -1.442917273379862309e-03 2.217954315710812807e-04 -2.053316682577133179e-03 7.035597809590399265e-04 -8.943453431129455566e-04 -1.376565895043313503e-03 -1.520164194516837597e-03 -1.575232832692563534e-03 3.681553353089839220e-04 -9.651007130742073059e-04 2.603648463264107704e-03 1.755269709974527359e-03 -1.291864085942506790e-03 -1.313193206442520022e-04 -2.293874043971300125e-03 3.888525679940357804e-05
1.149174505554739767e-10 1.144245254103282150e-10 -2.001474541657444206e-09 8.769452941592703610e-10 -1.473578703503619636e-09 2.592495329523103464e-09 -1.867068277761063655e-09 1.450888742482447924e-09 -4.420663279880443497e-10 -4.882324544652760778e-10 1.765581458812448545e-09 1.604127275456335155e-09 -3.236815260265757388e-10 -4.872756087515028867e-10 1.564515406116129270e-09 -2.137789112399701708e-10 -1.203113830783308913e-09 -2.599514527246160611e-11 8.442288534915576292e-10 5.623655430220253493e-10
-5.554271886171191497e-12 3.109810802967571952e-12 5.510401163144607040e-12 -9.210159761588454508e-13 3.735709726043930090e-14 -4.585524668310192453e-12 -7.823793696237757445e-12 9.795198506468150157e-13 -6.926760380554508600e-12 3.152664110675496012e-12 4.100240112714370611e-12 1.912041217629750767e-13 -2.818296160680966445e-12 -1.218244147054015070e-12 1.741976680090517871e-12 2.245017323085352068e-12 -4.910263601970443759e-12 -5.043295642215284147e-12 -5.782976961882235756e-12 2.890356573873043011e-12
-2.213301882147789001e-02 -1.001704670488834381e-02 -8.596597239375114441e-03 5.839769262820482254e-03 -1.291985064744949341e-02 4.489797633141279221e-03 -5.881844554096460342e-03 2.193689160048961639e-02 -1.307136844843626022e-02 -2.251705899834632874e-02 3.239671932533383369e-03 2.144095953553915024e-03 -3.846758045256137848e-03 -1.284122373908758163e-02 1.212661247700452805e-02 2.227656776085495949e-03 -1.471598166972398758e-02 -1.597494073212146759e-02 -2.256307005882263184e-02 7.184528745710849762e-03
4.811778087088214306e-09 5.747415321444293568e-10 4.830083888407443737e-09 5.094344945888451548e-09 -5.960485438549767423e-10 1.119839776464459646e-08 4.795308039540202572e-10 1.584191999803863382e-09 6.268320529301263377e-09 9.043730209157274658e-09 -1.611673816626080225e-08 -6.954160358674243980e-09 1.014049644254555460e-08 1.503638635824700032e-08 3.402996107126909919e-09 -3.066429110631929689e-09 7.066126017640783630e-10 -5.422454707471047186e-10 8.682876084797896965e-10 -3.719067720453494985e-09
-4.031508993307397759e-08 1.344680633508232859e-08 -3.941609705293558363e-09 -3.836451711869415249e-10 2.213508487614035403e-08 -5.553181736672740954e-08 -2.560222922554089564e-09 1.618463052466267982e-08 -1.986313513668847008e-08 -5.406542769037514518e-08 8.344743562815892801e-09 2.069724125419725169e-08 -2.590872050234338531e-08 -2.192224357600025542e-08 4.244669682407220535e-08 -6.781480976769671543e-08 -2.672660315283792443e-09 -1.020245861127477838e-07 -4.410716059055630467e-08 -1.447321817948932221e-08
-4.726956831291317940e-05 3.472777316346764565e-04 -1.507215783931314945e-03 2.395039919065311551e-04 1.729650684865191579e-04 1.986907562240958214e-03 -6.252213497646152973e-04 5.807673442177474499e-04 -4.462983051780611277e-04 -5.695575964637100697e-04 7.889110129326581955e-04 4.059603379573673010e-04 -9.182941284961998463e-04 -1.282103359699249268e-03 6.310825701802968979e-04 -6.762136035831645131e-05 -1.227864297106862068e-03 -1.540703524369746447e-04 3.310931788291782141e-04 5.035189096815884113e-04
1.708533800410035978e-18 3.285696388936594579e-17 -9.107827644470271183e-17 9.865521776846394321e-18 2.076127053684798292e-17 -4.959730285114876075e-18 1.213800529521127534e-17 7.361889253748470140e-18 1.627243432212484422e-17 -2.506089249517206674e-17 5.455799101141297323e-17 3.514739060957832709e-17 -4.232398313430879350e-17 -5.386402618215038556e-17 2.866731063039711167e-17 -3.499764362174601483e-18 -1.091331724903160235e-17 -2.863437229840525011e-17 2.815699313201109699e-17 1.806534002802740618e-17
-7.419405737891793251e-04 -7.450290024280548096e-03 2.051505260169506073e-02 -1.288433675654232502e-03 -3.443598281592130661e-03 -6.872802041471004486e-04 1.398897357285022736e-02 -4.581847228109836578e-03 1.330255717039108276e-02 8.553294464945793152e-03 -1.719681546092033386e-02 -1.152933668345212936e-02 4.228348843753337860e-04 1.325707510113716125e-02 -1.517645549029111862e-02 1.869670231826603413e-03 1.660788804292678833e-02 8.319451007992029190e-04 -5.034598987549543381e-03 -6.814732681959867477e-03
3.320527866890188307e-06 -2.311673370058997534e-06 -1.214218855238868855e-06 2.858400648619863205e-06 -2.283584535689442419e-06 3.099103651038603857e-06 -3.379084319021785632e-07 1.344614020126755349e-06 7.704505122774207848e-08 3.750500809474033304e-06 -2.404864517302485183e-06 -6.504112661787075922e-07 3.065950522795901634e-06 4.969979727320605889e-06 -7.975725679898459930e-07 1.813825747376540676e-06 1.038656819218886085e-06 6.921360409251064993e-07 -3.032168365280085709e-07 1.441558879378135316e-06
1.173867471516132355e-02 -1.130672823637723923e-02 3.301815129816532135e-03 2.079545147716999054e-02 -5.341134499758481979e-03 -7.117792032659053802e-03 -7.332239765673875809e-03 4.009686876088380814e-03 8.103546686470508575e-03 1.442220620810985565e-02 -7.547408342361450195e-03 -2.039009006693959236e-03 4.318843595683574677e-03 1.455504354089498520e-02 -1.204088516533374786e-02 -7.987825199961662292e-03 5.249224137514829636e-03 -6.208442617207765579e-03 -5.654163542203605175e-04 6.231981329619884491e-03
3.621017094701528549e-03 1.798700541257858276e-03 -3.671786980703473091e-03 -3.956622444093227386e-03 2.342472551390528679e-03 1.949096185853704810e-04 -4.502852098084986210e-04 -4.032705910503864288e-03 -2.250476245535537601e-04 1.788529480108991265e-04 2.246332354843616486e-03 -5.741707864217460155e-04 -1.533144386485219002e-03 -8.953649085015058517e-04 5.499597173184156418e-04 -1.514613861218094826e-03 -8.945983718149363995e-04 4.663894418627023697e-03 5.866168998181819916e-03 -2.190178493037819862e-03
-5.391869083459919434e-22 7.721443241724288720e-22 -1.304517342319934837e-21 -7.328875258156573417e-22 -2.943408664286695089e-22 -1.377167670401993930e-21 -1.422308386613304493e-21 1.302960623142233417e-21 -9.829719827968818006e-22 -2.213433739150858559e-21 1.443682301472116412e-21 1.677929006318497595e-21 -3.142835477916953252e-22 -1.819176558260462641e-21 7.739027393063771997e-22 -9.289644195237891313e-22 -2.936124890667736026e-22 -1.471913348728794904e-22 -6.265587693146683061e-22 -5.678201105812648659e-22
-2.164859179174527526e-04 4.017124010715633631e-04 -1.780991588020697236e-04 1.667174219619482756e-04 4.090577567694708705e-05 2.028140625043306500e-05 -3.243548853788524866e-04 6.368618924170732498e-04 1.201888371724635363e-04 -3.394906816538423300e-04 4.265405877958983183e-04 8.894169004634022713e-04 -6.216308975126594305e-05 -6.161548662930727005e-05 2.748697625065688044e-05 8.727781823836266994e-05 -1.966320996871218085e-04 3.175001256749965250e-05 1.801142643671482801e-04 1.186546651297248900e-04
-2.874446101486682892e-03 -8.756266324780881405e-04 7.440943736582994461e-04 -7.869147812016308308e-04 -6.752786430297419429e-05 -9.507384384050965309e-04 -1.574633643031120300e-03 3.525082429405301809e-04 -2.189605496823787689e-03 -3.369481768459081650e-03 -2.270094555569812655e-04 4.368759691715240479e-04 -2.457871742080897093e-04 -2.984642982482910156e-03 2.996592782437801361e-03 7.985993579495698214e-05 -1.569028710946440697e-03 -8.361528743989765644e-04 -1.906444551423192024e-03 3.310339525341987610e-04
2.718279811311785643e-12 -2.550829827311501541e-13 -6.084649277482423457e-12 -2.176734920783518490e-12 3.104838001283249938e-12 5.720184742541434275e-12 3.725023327988408184e-12 -2.033795007405636568e-12 1.407123224363149294e-12 2.340699465849804817e-12 -5.321458985269034159e-12 -3.011080534215393456e-12 8.642384767901245546e-13 4.087149889364649624e-12 3.330257348100468251e-13 1.951625926838174152e-12 -1.581581951992303003e-13 4.354712337256705368e-12 -1.990483109283805452e-13 9.848688704849895004e-13
-2.429209002421947407e-24 -1.518339073206347539e-25 2.124113891884100207e-24 -4.568233351490856263e-25 3.645494122487687899e-25 -1.038922219389859795e-24 -1.665791819622707811e-24 -8.924025475129562521e-25 -1.791309253189459746e-24 -1.513395134001907729e-24 -9.138481256518420685e-25 -1.720918800186136253e-25 1.754164726739093591e-25 -1.889093295557035486e-24 9.759499185163952387e-25 -1.585471678582527983e-24 -1.363941195380421480e-24 -2.894117274381030030e-24 -1.174840488169111314e-24 9.470481626868285036e-26
1.249811757588759065e-04 1.478701415180694312e-05 4.604493369697593153e-05 -2.850090641004499048e-05 8.993116352939978242e-06 -3.348040627315640450e-05 -2.774989843601360917e-05 -1.632027851883322001e-04 -1.344321390206459910e-05 6.212780863279476762e-05 2.431119173706974834e-05 2.021721775236073881e-05 4.396217264002189040e-05 7.624013960594311357e-05 -7.164581620600074530e-05 1.062430146703263745e-05 1.261176021216670051e-05 2.396968375251162797e-05 8.610040094936266541e-05 -4.017300307168625295e-05
4.868368152529001236e-03 4.728465806692838669e-03 1.611351408064365387e-02 -2.790157450363039970e-03 7.422439754009246826e-03 -5.114825326018035412e-04 -1.756597193889319897e-03 -2.031055046245455742e-03 -1.388065516948699951e-03 -2.603268483653664589e-03 4.137506242841482162e-03 4.674012772738933563e-03 2.119820564985275269e-03 7.823757478035986423e-04 -1.757904188707470894e-03 -2.256925683468580246e-03 7.267976645380258560e-03 -4.824984818696975708e-03 1.131571945734322071e-03 5.836573429405689240e-03
-2.641301602125167847e-03 -5.463867448270320892e-03 -5.798669066280126572e-03 2.837537555024027824e-03 -4.511116072535514832e-03 -3.951627761125564575e-03 -8.565640076994895935e-03 1.017188001424074173e-02 -8.147181943058967590e-03 -6.902308203279972076e-03 -1.896126545034348965e-03 3.549679415300488472e-03 -3.187970723956823349e-03 -5.813852883875370026e-03 6.731819361448287964e-03 -1.555217429995536804e-03 -2.795875072479248047e-03 -1.028191484510898590e-02 -2.953703980892896652e-03 1.558791846036911011e-03
-1.652760402066633105e-04 2.244945790152996778e-04 -1.247476204298436642e-03 -7.872813730500638485e-04 -5.618892610073089600e-04 -3.115497820544987917e-04 -2.000756503548473120e-04 6.712954491376876831e-04 -2.942755236290395260e-04 -8.332621073350310326e-04 -4.195653018541634083e-04 3.246503474656492472e-04 -2.403124963166192174e-04 -6.345924339257180691e-05 9.370758198201656342e-04 3.401538415346294641e-04 -6.616467726416885853e-04 8.721789345145225525e-04 -1.829279426601715386e-05 -5.858968361280858517e-04
-8.012712933123111725e-03 9.074130095541477203e-03 -1.377862598747014999e-02 -2.694148942828178406e-02 -1.290947385132312775e-02 5.386240780353546143e-02 -4.117206484079360962e-02 1.931639760732650757e-02 6.635610945522785187e-03 -3.510580956935882568e-02 6.235989555716514587e-02 4.634351283311843872e-02 -4.355739336460828781e-03 -2.064371295273303986e-02 3.101969510316848755e-02 2.253863960504531860e-03 -2.344384044408798218e-02 2.132985368371009827e-02 1.753176795318722725e-03 1.320875715464353561e-03
2.513879735488444567e-04 -1.971666642930358648e-04 2.446620783302932978e-05 6.845152529422193766e-05 -4.355318378657102585e-04 2.703293866943567991e-04 -7.812130934325978160e-05 -1.594784989720210433e-04 1.517111813882365823e-04 3.480834711808711290e-04 -4.265096504241228104e-04 -2.087876637233421206e-04 2.289037220180034637e-04 3.868257626891136169e-04 -1.690709905233234167e-04 1.135753554990515113e-04 -8.031017932808026671e-05 1.100656663766130805e-04 -1.208222311106510460e-04 -9.453982784179970622e-05
-2.668317756615579128e-04 7.614921173626498785e-07 -1.870101405074819922e-04 -4.545574120129458606e-05 -2.137684932677075267e-04 -1.142418477684259415e-04 -7.469454430975019932e-05 4.012583303847350180e-05 -2.849535085260868073e-04 -4.089137655682861805e-04 7.508356793550774455e-05 1.295007241424173117e-04 -3.910245141014456749e-05 -2.263193309772759676e-04 3.038820577785372734e-04 -1.159727180493064225e-04 -3.897312562912702560e-04 -1.182888354378519580e-05 5.934940054430626333e-05 9.436172149435151368e-06
-1.694368780590593815e-03 -1.693349680863320827e-03 -2.140088705345988274e-03 3.732512937858700752e-03 -1.220568781718611717e-03 1.670321077108383179e-02 -3.075851360335946083e-03 3.047346370294690132e-03 1.620457740500569344e-03 -4.889640025794506073e-03 1.137474644929170609e-02 3.766277804970741272e-03 8.477189578115940094e-03 9.605945524526759982e-05 1.128162816166877747e-02 -2.771427971310913563e-04 -5.074811633676290512e-03 4.238717257976531982e-03 3.864401020109653473e-03 2.425984945148229599e-03
1.469291910360936981e-10 -5.917204920491414555e-11 -1.377662567358939327e-10 4.151619640516829302e-13 -1.825477442818357332e-11 6.006448810547126982e-12 1.125407839835945722e-11 -9.868730832529593044e-11 -1.267707553515018404e-11 9.614421064840783515e-11 -3.219079169891614356e-11 3.737015905058704845e-11 -3.685522373397809304e-11 3.026626518853881009e-11 -5.228873931062416602e-11 -3.087082672825758323e-11 7.988721489882166793e-11 1.551305785219003752e-11 6.694429732778672815e-11 -5.062809546596547250e-12
4.710325226187705994e-02 -4.456604830920696259e-03 1.970091089606285095e-02 -3.004287928342819214e-02 1.858013682067394257e-02 -5.423139315098524094e-03 1.826637610793113708e-02 -5.287464708089828491e-02 1.495687570422887802e-02 3.527747839689254761e-02 -1.056874869391322136e-03 1.363485353067517281e-03 -9.625913575291633606e-03 2.750786766409873962e-02 -3.602984547615051270e-02 3.477973630651831627e-03 1.943356357514858246e-02 3.665084019303321838e-02 -2.132547553628683090e-03 -2.934000641107559204e-02
-8.202172466553747654e-05 1.998925290536135435e-04 -1.363502815365791321e-04 4.900377098238095641e-05 8.523177257302450016e-07 -1.788641820894554257e-04 -6.975045835133641958e-05 1.531157759018242359e-04 -2.759777707979083061e-04 -1.406236988259479403e-04 4.062549851369112730e-05 1.329395454376935959e-04 -1.667867181822657585e-04 -2.730640408117324114e-04 4.100437508895993233e-04 -9.762129047885537148e-05 -1.136425416916608810e-04 -3.703374532051384449e-04 -1.971162782865576446e-05 1.902893127407878637e-04
2.036005025729537010e-03 -2.967096632346510887e-03 2.294124104082584381e-03 4.879774933215230703e-04 -1.660638605244457722e-03 -3.446718328632414341e-04 3.950902319047600031e-04 9.764147107489407063e-04 4.075528588145971298e-03 7.978827343322336674e-04 9.779108950169757009e-06 -2.318777696928009391e-04 1.276069786399602890e-03 3.628729376941919327e-03 -5.753659643232822418e-03 -5.483573186211287975e-04 1.179913408122956753e-03 1.808798289857804775e-03 -1.283132005482912064e-03 7.843779167160391808e-04
-4.479221843212144449e-06 4.240671842126175761e-06 -3.012910610777908005e-06 2.861909933926654048e-06 1.113154894483159296e-06 3.276061761425808072e-06 -4.703266768046887591e-06 6.058178314560791478e-06 -1.701920609775697812e-06 -3.955716692871646956e-06 6.762809789506718516e-06 4.089263711648527533e-06 1.436473212379496545e-06 -5.716908162867184728e-06 6.547224529640516266e-06 7.252513682942662854e-07 -2.731117092480417341e-06 -3.137662361041293480e-07 -5.733630246140819509e-07 4.376720426080282778e-06
-5.881514152861200273e-05 -1.655455125728622079e-04 -6.144313374534249306e-04 4.014542500954121351e-04 3.645327160484157503e-05 -1.063472358509898186e-03 -5.262115155346691608e-04 8.663339540362358093e-04 -4.127092543058097363e-04 -3.570657572709023952e-04 -2.174617402488365769e-04 -7.748608913971111178e-05 -4.628311726264655590e-04 -8.852141327224671841e-04 2.324125089216977358e-04 3.158742911182343960e-04 -1.813876733649522066e-04 -1.060405513271689415e-03 -5.419515655376017094e-04 4.356047793407924473e-05
-3.905146570559736574e-07 -1.727267147089150967e-07 1.070484714205122145e-07 -4.739219434668484610e-07 1.767354120829622843e-07 -3.145873961329925805e-07 -2.843309516720182728e-07 -1.913348768312062020e-07 -4.827196775636366510e-08 -5.331868351277080365e-07 4.427265594131313264e-07 9.951639867722406052e-08 -2.661299163264629897e-07 -4.508756035193073330e-07 -2.328792021444314742e-07 1.256956778661333374e-07 7.822560377235276974e-08 1.988388618201497593e-07 -3.109796509193074598e-08 -2.862431074390769936e-07
1.559293878017342649e-06 -1.824153969209874049e-06 9.847459295997396111e-06 3.149237272737082094e-06 -3.065359578613424674e-06 -2.262723683088552207e-06 2.182567186537198722e-06 -8.144661478581838310e-06 -1.490360091338516213e-06 7.892155736044514924e-06 -4.048218215757515281e-06 -4.915544650430092588e-06 6.445034159696660936e-06 2.021848104050150141e-06 -1.460936232433596160e-06 1.428622795174305793e-06 1.500148982813698240e-06 -2.781516059258137830e-06 -6.922447482793359086e-06 2.184813183703226969e-06
1.111081242561340332e-02 2.572533907368779182e-03 -1.399426255375146866e-02 -9.587882086634635925e-03 6.299854256212711334e-03 1.557613816112279892e-02 4.247072793077677488e-04 -6.074304692447185516e-03 3.764362772926688194e-04 1.231648377142846584e-03 -2.827938646078109741e-03 1.630287151783704758e-03 2.591588301584124565e-03 1.549238106235861778e-03 6.282575428485870361e-03 8.547471836209297180e-03 -4.273768980056047440e-03 1.150315068662166595e-02 8.565842173993587494e-03 -3.310488071292638779e-03
-7.625402649864554405e-04 -2.903970598708838224e-04 -8.220793679356575012e-04 3.618673945311456919e-04 -4.252983198966830969e-04 -6.397089455276727676e-04 -7.910188869573175907e-04 1.418964006006717682e-03 -8.351576980203390121e-04 -1.847970183007419109e-03 4.080044163856655359e-04 6.272276514209806919e-04 -1.031627762131392956e-03 -1.289125066250562668e-03 1.864581601694226265e-03 -1.087966375052928925e-03 -3.448257630225270987e-04 -2.023898763582110405e-03 -3.581632918212562799e-04 5.227194633334875107e-04
-2.087070170091465116e-04 -5.019413074478507042e-04 1.093222061172127724e-03 3.349297679960727692e-03 2.004985464736819267e-03 -2.791951119434088469e-04 2.351367613300681114e-03 1.185476867249235511e-04 1.150668133050203323e-03 3.281169803813099861e-03 -2.534063765779137611e-03 -1.181600382551550865e-03 -1.363283605314791203e-03 1.113977516070008278e-03 -1.924575655721127987e-03 2.655507705640047789e-04 2.209904137998819351e-03 -1.692961435765028000e-03 -5.265233339741826057e-04 1.150174066424369812e-03
-1.629868784220889211e-04 2.532326325308531523e-04 2.083770814351737499e-04 8.576134132454171777e-05 9.874911484075710177e-05 2.270908880745992064e-04 2.308523398824036121e-04 1.222718274220824242e-04 3.876091504935175180e-04 1.626876910449936986e-04 -3.897788119502365589e-04 -1.678026274021249264e-05 6.973860581638291478e-05 3.643681702669709921e-04 -2.039995706581976265e-05 2.211030077887699008e-04 1.564031554153189063e-04 4.206579178571701050e-04 -2.571919176261872053e-04 2.664021449163556099e-04
2.715962193906307220e-02 -2.022833377122879028e-02 -7.777082733809947968e-03 -1.481434889137744904e-02 -1.007541082799434662e-02 3.600120916962623596e-02 2.716313302516937256e-02 -3.163093701004981995e-02 -4.940463230013847351e-03 3.831801190972328186e-02 -3.939197957515716553e-02 -3.664951771497726440e-02 -5.074620712548494339e-03 3.944065049290657043e-02 -2.486903965473175049e-02 3.494436666369438171e-02 1.828514970839023590e-02 4.198842868208885193e-02 -1.160203386098146439e-02 -3.772505745291709900e-02
4.455854184925556183e-03 8.303595823235809803e-04 3.840325633063912392e-03 -8.731729350984096527e-03 8.680841885507106781e-03 3.719535889104008675e-03 9.980691596865653992e-03 -6.508622318506240845e-03 -3.223897889256477356e-03 3.134101862087845802e-03 -3.108681878075003624e-03 -1.804034342058002949e-03 -1.702553359791636467e-03 3.398180240765213966e-03 -4.794734064489603043e-03 3.519997466355562210e-03 3.168375464156270027e-03 2.631261246278882027e-03 1.663245377130806446e-03 6.495658308267593384e-04
-2.549843862652778625e-03 1.285625039599835873e-03 2.680374309420585632e-03 -3.886323655024170876e-03 -6.126660737209022045e-04 -7.187316194176673889e-03 -1.988325821002945304e-04 -1.222629682160913944e-03 -2.217005938291549683e-03 -2.927663270384073257e-03 -1.208535861223936081e-03 9.719945956021547318e-04 -1.160827931016683578e-03 -4.173856228590011597e-03 2.514322986826300621e-03 -1.968540018424391747e-03 -6.579845794476568699e-04 2.998134586960077286e-04 -2.348336623981595039e-03 2.675610303413122892e-04
2.021460998591351199e-09 -4.899948446990265438e-09 -1.070868638208821721e-08 -2.544020327732710030e-09 3.636884404745188704e-10 -7.731941309430112597e-09 -9.786848664816716337e-09 -3.547553140137438277e-09 -6.585449074947291592e-09 -6.309674560611711058e-09 5.582321271901946602e-09 9.335237471930213360e-09 2.051571412753361301e-10 -1.076996891669068646e-08 4.936405062494486629e-09 -3.564783135345805931e-09 -2.963639111897009570e-09 -2.269277876720821041e-09 2.084326045093121138e-09 7.026034198887032289e-10
2.937638491857796907e-04 7.893332076491788030e-05 -2.510012709535658360e-04 2.553323574829846621e-04 -1.760893355822190642e-04 1.251124631380662322e-04 6.957947334740310907e-05 1.483864325564354658e-04 -4.467552062124013901e-04 -7.764248584862798452e-05 -2.966462261611013673e-06 2.749256382230669260e-04 -9.123875497607514262e-05 -2.603625180199742317e-04 3.653649182524532080e-04 -4.360149032436311245e-04 -2.905536966864019632e-04 -4.442999488674104214e-04 -1.398019812768325210e-04 3.236813063267618418e-04
-7.702455150138121098e-06 -2.287040160808828659e-06 4.275149422028334811e-06 8.567980330553837121e-06 1.898692062241025269e-06 -1.903040720208082348e-05 -1.784759479050990194e-05 1.530352528789080679e-05 -1.251906542165670544e-05 -6.745013251929776743e-06 -1.536854142614174634e-06 1.861676992120919749e-06 -9.463977221457753330e-06 -2.423676596663426608e-05 5.492674972629174590e-06 -1.478234480600804090e-06 4.574757781483640429e-07 -1.833058558986522257e-05 -7.008658485574414954e-06 3.993123755208216608e-06
-1.727594317602054730e-10 6.130043694874132143e-10 4.547287268952260320e-10 -1.332472576720533652e-09 2.326277920294828050e-10 5.283151138790742607e-10 5.180355588940699363e-10 -2.291126316444902500e-11 1.159215362589449683e-10 2.424721257110462602e-10 9.019645447194690746e-11 -2.433572510174286663e-10 7.465131290906867889e-10 7.638342180982249374e-10 1.471041899403502384e-10 -2.164714935082301395e-10 -1.169986308356685267e-12 4.803821784804540584e-10 3.121096991964833478e-10 -2.574261463716975840e-11
-5.811394192278385162e-03 -4.828623495995998383e-03 -8.528551086783409119e-03 2.651334041729569435e-03 -3.875141730532050133e-03 2.475628443062305450e-02 -4.637727048248052597e-03 9.177488274872303009e-03 -1.468622242100536823e-03 -1.177969668060541153e-02 2.069007791578769684e-02 1.113885454833507538e-02 8.779752068221569061e-03 -3.372867126017808914e-03 1.887856982648372650e-02 -4.395157564431428909e-03 -1.101183425635099411e-02 -5.791347357444465160e-04 6.561961024999618530e-03 4.865411203354597092e-03
1.478353806305676699e-04 6.508305523311719298e-05 1.374200946884229779e-04 8.100923150777816772e-05 8.119416452245786786e-05 8.692246774444356561e-05 3.075704444199800491e-05 -8.123836778395343572e-06 -7.398263551294803619e-05 2.919270191341638565e-04 -6.987669621594250202e-05 -4.468800034373998642e-05 1.022373180603608489e-04 3.365848169778473675e-05 -3.186855974490754306e-05 4.295323378755711019e-05 5.236285687715280801e-06 -1.199441976496018469e-04 4.095142503501847386e-05 1.062966111931018531e-04
8.277392993250032305e-08 -5.439527939188337768e-09 3.504678858234910876e-08 -4.083353744022133469e-08 2.903176010704555665e-08 2.599736887987091905e-07 1.148152151131398568e-07 -2.401120902106868016e-08 1.086381686832282867e-07 8.992056166334805312e-08 7.200593898915030877e-08 2.099242557562774891e-08 7.620795372531574685e-08 1.107263543076442147e-07 2.341946370165715052e-08 -2.080702721229954477e-08 1.896766690379081410e-07 7.459398432274610968e-08 4.748751791794347810e-08 -1.444271280348630171e-08
-2.294972091476665810e-06 -8.029337550397031009e-07 -1.102203327718598302e-06 -2.138134277629433200e-06 -1.172085489997698460e-06 4.036335781165689696e-07 -2.448257987452961970e-07 5.819948611929248727e-08 5.848913815498235635e-07 -2.209727199442568235e-06 2.527543529140530154e-06 1.553546667310001794e-06 -1.057669464898935985e-06 -7.997132911441440228e-07 -3.294895734029523737e-08 5.655041945828997996e-07 2.665013596470089396e-07 -7.779273687447130214e-07 -6.367058063005970325e-07 -2.028744120252667926e-06
8.982518193079158664e-05 1.167830123449675739e-05 5.958591282251290977e-05 -3.510486567392945290e-05 3.087015284108929336e-05 1.529911787656601518e-05 1.631438499316573143e-05 -9.827674512052908540e-05 2.270637924084439874e-05 8.283639908768236637e-05 -1.383638050356239546e-06 5.388013232732191682e-05 9.520007552055176347e-06 4.801278555532917380e-05 -5.128630073159001768e-05 -2.358490564802195877e-05 1.305537352891406044e-05 2.182740172429475933e-05 9.472343663219362497e-06 -4.074159369338303804e-05
7.540971182606881484e-06 2.432861492707161233e-06 -4.884853751718765125e-06 -2.961892278108280152e-06 4.424397047841921449e-06 7.350233772740466520e-06 5.177334060135763139e-06 -6.976366421440616250e-06 4.540807765351928538e-07 4.000396074843592942e-06 -6.544027655763784423e-06 -1.102027681554318406e-06 -4.427470514656306477e-07 7.076332622091285884e-06 2.387432232353603467e-06 2.025699131991132163e-06 -7.702864422753918916e-06 9.852281436906196177e-06 1.298088932344398927e-06 2.971840729060204467e-07
-4.704709510860993760e-08 8.957149333355118870e-08 2.701890480238944292e-07 -1.585047186836163746e-07 3.570423245946585666e-07 5.599133032774261665e-07 7.424944215017603710e-07 -3.579980614176747622e-07 2.048410436827907688e-07 -3.565122881354909623e-07 -2.292342742293840274e-07 -2.630237077028141357e-07 -1.849503235007432522e-07 5.238828180154087022e-07 -2.173691484586015576e-07 3.684771741063741501e-07 6.108913908065005671e-07 5.490049943546182476e-07 -5.868631092198484112e-08 -5.113041652293759398e-07
7.546459091827273369e-04 2.473793574608862400e-04 -4.308562492951750755e-04 -3.683349059429019690e-04 5.409274599514901638e-04 8.040532120503485203e-04 5.292235873639583588e-04 -7.713820668868720531e-04 -4.578173320624046028e-05 3.629380080383270979e-04 -7.326362538151443005e-04 -1.646464806981384754e-04 1.003780052997171879e-04 8.479953976348042488e-04 3.976942098233848810e-04 2.316398749826475978e-04 -9.048607316799461842e-04 1.217413810081779957e-03 8.309478289447724819e-05 1.158488012151792645e-04
-2.035544719547033310e-03 -8.901421679183840752e-04 -1.742557506076991558e-04 -1.120661501772701740e-03 -5.558197153732180595e-04 4.773303517140448093e-04 1.172711654362501577e-05 -4.029142728541046381e-04 -1.004486111924052238e-03 -2.840443514287471771e-03 8.297204039990901947e-04 1.940831425599753857e-03 6.601163186132907867e-04 -3.845360188279300928e-04 1.177219906821846962e-03 -1.701128203421831131e-03 -8.226507343351840973e-04 4.482166259549558163e-04 -1.100281297112815082e-04 -1.104301074519753456e-03
1.114381477236747742e-03 -2.526279713492840528e-04 3.623649245128035545e-04 1.878347131423652172e-03 5.360276554711163044e-04 1.029931241646409035e-03 1.350958016701042652e-03 -6.940345047041773796e-04 -4.039686755277216434e-04 1.372393802739679813e-03 -2.537442196626216173e-04 -1.720428190310485661e-05 4.325202608015388250e-04 1.610801788046956062e-03 -8.391222218051552773e-05 -8.657818543724715710e-04 2.653347910381853580e-04 -2.140142023563385010e-03 5.896190996281802654e-04 3.874576359521597624e-04
-1.809246086281746102e-08 2.898058824030158576e-07 -6.114262163237071945e-08 1.337348720653608325e-07 -5.077474725112551823e-07 6.356310677801957354e-08 -4.074844355272944085e-07 3.916555897376383655e-07 -3.508333179524925072e-07 -1.129347708683781093e-07 1.227402890435769223e-07 1.908590832044865238e-07 5.759403620686498471e-08 8.194369627290143399e-08 3.961556274134636624e-07 5.767943989098966995e-08 -3.415115088500897400e-07 -9.039424497814252391e-08 -2.405479051503789378e-07 7.833770609977364074e-08
-3.518190351314842701e-05 8.877293112163897604e-06 1.793565752450376749e-05 -3.535658834152854979e-05 -5.618708200927358121e-06 2.953957300633192062e-05 -3.188590653735445812e-06 -5.771692940470529720e-06 1.244615850737318397e-05 -2.301227323187049478e-05 2.673764720384497195e-05 1.154301844508154318e-05 -2.278055262650013901e-06 2.631900997585034929e-06 2.352664159843698144e-05 2.316044265171512961e-05 -1.962738497240934521e-05 1.062086903402814642e-05 2.561782594057149254e-06 2.074732219625730067e-05
-6.238556466996669769e-03 2.264157636091113091e-03 2.528591139707714319e-04 -5.201635882258415222e-03 1.400440931320190430e-03 4.037805367261171341e-03 -1.840523560531437397e-03 -3.387118689715862274e-03 -5.254778079688549042e-04 -4.516552668064832687e-03 9.779628599062561989e-04 1.500004436820745468e-04 -2.043103566393256187e-03 -4.813521634787321091e-03 5.023582372814416885e-03 2.803193638101220131e-03 -5.518464371562004089e-03 1.901673618704080582e-03 -5.115488311275839806e-04 -1.342487172223627567e-03
4.041637566842837259e-07 2.465059765199839603e-07 4.274014031580009032e-07 -2.479933414178958628e-07 3.190060908764280612e-07 6.173200972625636496e-07 9.591971092959283851e-07 1.290893152372518671e-07 5.296759013617702294e-07 1.410913252897216807e-08 1.413255148463576916e-07 -2.517174912952668819e-08 2.256071809370041592e-07 6.296985475273686461e-07 -2.640156253619352356e-07 5.887444558538845740e-07 7.394477279376587830e-07 5.994373850626288913e-07 6.086424946261104196e-07 1.113905270244686108e-07
-1.336060464382171631e-03 1.204547937959432602e-03 3.044476965442299843e-03 -5.228868220001459122e-03 1.482648192904889584e-03 -4.119505174458026886e-03 -1.641663140617311001e-03 -2.627068897709250450e-03 -1.099212327972054482e-03 -3.580360440537333488e-03 1.176631543785333633e-03 -6.504462216980755329e-04 -4.228470497764647007e-04 -3.154083387926220894e-03 2.224237658083438873e-03 -1.352441358903888613e-05 -1.068464480340480804e-03 3.442436456680297852e-03 -8.808309212327003479e-04 -3.240294987335801125e-03
-7.095537265383589087e-13 -4.239760398230124627e-13 -1.231573436982769110e-12 -5.114010885771957948e-13 -1.257174811301886574e-12 -2.674846834912342208e-13 -7.109608041178105964e-13 -1.809084295128354780e-13 -6.019137011731290343e-13 -1.694098095313123498e-12 1.365690221501181245e-12 6.205127015511402444e-13 -7.265361272670856074e-13 -8.322404722836684865e-13 1.302066527514300631e-12 2.309564486272647210e-13 -1.334472788348806116e-12 1.070351272891567618e-12 3.395055233040150666e-13 -9.635822955517125976e-13
-2.796328044496476650e-04 -1.617091038497164845e-04 2.788976780720986426e-05 -1.060958602465689182e-04 -1.291641819989308715e-04 -3.161300846841186285e-04 -1.958376378752291203e-04 5.113626684760674834e-05 -1.924333919305354357e-04 -2.328590780962258577e-04 -4.835202707909047604e-05 -2.432262772344984114e-05 -2.064319851342588663e-04 -2.397097559878602624e-04 2.211976971011608839e-05 1.290414802497252822e-04 -2.292474091518670321e-04 -2.005811402341350913e-04 1.962919486686587334e-05 1.074991887435317039e-04
6.074230768717825413e-04 5.125441821292042732e-04 3.993502468802034855e-04 -8.659344166517257690e-04 1.010957988910377026e-03 -2.442565746605396271e-04 3.884566249325871468e-04 -8.740751654841005802e-04 -4.324084147810935974e-04 1.034002518281340599e-03 -5.097286193631589413e-04 -9.931342356139793992e-05 -2.285250520799309015e-04 -1.764875196386128664e-04 -1.050167993525974452e-04 1.187482121167704463e-05 -3.455899714026600122e-04 3.738175146281719208e-04 7.642003474757075310e-04 9.885103281703777611e-06
-5.509410402737557888e-04 1.121097127906978130e-03 1.793193863704800606e-03 6.310981116257607937e-04 3.560038458090275526e-04 1.436556340195238590e-03 1.402416033670306206e-03 2.665983629412949085e-04 1.082000671885907650e-03 4.632386553566902876e-04 -2.864375419449061155e-04 -2.030338160693645477e-03 1.379067776724696159e-03 1.987831201404333115e-03 -1.332983374595642090e-03 9.089682134799659252e-04 1.172829652205109596e-03 2.425637561827898026e-03 -1.274522393941879272e-03 -1.601211726665496826e-03
1.904607284814119339e-03 -3.780443221330642700e-04 -2.053219068329781294e-04 -4.378648591227829456e-04 6.951011891942471266e-05 -3.042949720111209899e-05 -2.131282417394686490e-05 -1.115063671022653580e-03 -2.484125725459307432e-04 1.681555993854999542e-03 -1.527019009017749340e-07 6.725043640471994877e-04 1.408586744219064713e-03 1.359998947009444237e-03 -8.177035488188266754e-04 -5.867139552719891071e-04 5.431558238342404366e-04 6.475552800111472607e-04 8.325715898536145687e-04 1.551336899865418673e-04
-2.271898847538977861e-05 -4.411631744005717337e-05 -4.917733167530968785e-05 5.066692028776742518e-05 -2.975115421577356756e-05 1.381152105750516057e-04 1.047303794621257111e-05 2.638780824781861156e-05 1.308920946030411869e-05 -1.982156391022726893e-05 1.012712018564343452e-04 3.392377038835547864e-05 5.860961755388416350e-05 2.747034341155085713e-05 8.182164310710504651e-05 -2.303482142451684922e-05 5.278074240777641535e-06 8.206036454794229940e-07 3.953426130465231836e-05 1.188931128126569092e-05
-4.466272912395652384e-06 1.427467850589891896e-05 -3.523347550071775913e-05 4.071743546774087008e-07 1.316024554398609325e-05 3.802529317908920348e-05 2.123656122421380132e-05 1.214952862937934697e-05 2.021243381022941321e-05 1.207760124088963494e-05 1.109095774154411629e-05 1.086595239030430093e-05 -2.505644624761771411e-05 -4.680516667576739565e-06 2.343429332540836185e-05 1.081651589629473165e-06 -1.103925751522183418e-05 -1.581962123964331113e-06 2.832173413480632007e-05 -2.982996875289245509e-06
-4.000979060947429389e-06 -2.257107098557753488e-06 2.143408437405014411e-06 1.805148144740087446e-06 -6.976096756261540577e-06 -4.599860858434112743e-06 -9.454844075662549585e-06 6.124134301899175625e-07 -6.929624305485049263e-07 4.330500189553276869e-07 4.390601588966092095e-06 2.414893288005259819e-06 -2.706852001210791059e-06 -2.033824330283096060e-06 1.634813315831706859e-06 9.424538802704773843e-07 -6.901403594383737072e-06 -7.497767910535912961e-06 -4.289042408345267177e-06 6.443539405154297128e-06
-1.291137209591397550e-06 7.559178357041673735e-06 1.241894096892792732e-05 -1.787576911738142371e-05 -7.505614576075458899e-06 1.898364462249446660e-05 1.732752207317389548e-05 -3.879992618749383837e-06 -2.349440137550118379e-06 -2.111463982146233320e-05 1.771002280293032527e-05 1.666245407250244170e-05 -5.611294000118505210e-06 -1.109322056436212733e-05 -1.755576158757321537e-05 -1.069373593054478988e-05 -1.140898712037596852e-05 -5.810504717373987660e-06 2.678847158676944673e-05 1.058951602317392826e-05
-5.116838729009032249e-04 -2.672846312634646893e-04 -7.223612919915467501e-05 -4.948051719111390412e-05 -6.924620829522609711e-04 -1.450125855626538396e-04 -1.473139418521896005e-04 2.985265746247023344e-04 -1.624588330741971731e-04 -2.334929449716582894e-04 4.276258405297994614e-04 4.099744837731122971e-04 4.450497508514672518e-04 -9.426515316590666771e-05 1.482122170273214579e-04 3.316257498227059841e-04 -4.077421617694199085e-04 -2.713331778068095446e-04 -5.263292696326971054e-04 -1.727035851217806339e-04
-3.834879316855221987e-05 1.145309724961407483e-04 -8.420086669502779841e-05 -2.454936748108593747e-06 2.601101732579991221e-05 -2.638203295646235347e-05 -1.746282785042296837e-09 2.491236591595225036e-05 -1.106488198274746537e-04 -5.311611676006577909e-05 2.953886360046453774e-05 4.948139758198522031e-05 -1.027413163683377206e-04 -1.265661994693800807e-04 2.006910508498549461e-04 1.841628886722901370e-06 1.048967169481329620e-05 -1.365382340736687183e-04 -1.966958507182425819e-06 6.534851127071306109e-05
-4.640529805328696966e-04 -2.391604939475655556e-03 -8.865480311214923859e-03 6.196641363203525543e-03 1.085819749278016388e-04 -1.461139600723981857e-02 -6.980471312999725342e-03 1.289886515587568283e-02 -3.611762309446930885e-03 -4.686378408223390579e-03 -2.096589654684066772e-03 -1.673987251706421375e-03 -7.912580855190753937e-03 -1.291439216583967209e-02 2.155619440600275993e-03 4.987929016351699829e-03 -1.466406625695526600e-03 -1.558146066963672638e-02 -8.020591922104358673e-03 -1.252350164577364922e-03
-5.693986546248197556e-03 -2.463997108861804008e-03 -3.589386818930506706e-03 -1.345361379208043218e-04 -1.601761090569198132e-03 -1.278155832551419735e-03 -3.550645429641008377e-03 9.207541123032569885e-03 -7.962969830259680748e-04 -4.814451560378074646e-03 -1.835453906096518040e-03 1.738255261443555355e-03 -3.266890067607164383e-03 -2.565350150689482689e-03 -6.203301600180566311e-04 2.007524482905864716e-03 2.973788359668105841e-04 -3.959849942475557327e-03 -1.913560903631150723e-03 -1.040082890540361404e-03
-2.959468474728055298e-06 -4.371567774796858430e-05 -1.223843628395115957e-05 2.699407195905223489e-05 -5.811509709019446746e-06 6.718357781210215762e-06 9.814351506065577269e-05 -6.286614370765164495e-05 1.132054694608086720e-05 1.030644780257716775e-04 -9.028011845657601953e-05 -4.493472806643694639e-05 2.109795786964241415e-05 4.234680454828776419e-05 -7.140118668758077547e-06 1.332806095888372511e-05 -2.908627175202127546e-05 2.281428533024154603e-05 -6.936786121514160186e-06 -4.469564009923487902e-05
1.272269855689955875e-06 1.039865651364380028e-06 -2.200743892899481580e-06 -3.183185299349133857e-06 2.150934278688509949e-06 3.941148861485999078e-06 1.192405420624709222e-06 -1.255160623259143904e-05 1.078766558748611715e-06 2.890293899326934479e-06 -2.635423470565001480e-06 -9.438438723918807227e-07 -2.152815568479127251e-06 5.328669431037269533e-06 -1.576588488205743488e-06 3.440712362134945579e-06 6.613009190914453939e-06 5.352291736926417798e-06 4.307633389544207603e-06 -1.059617352439090610e-05
-3.401651338208466768e-04 7.147071301005780697e-04 2.479878603480756283e-04 -9.796392405405640602e-04 5.219033919274806976e-04 1.556073082610964775e-03 1.123569905757904053e-03 -1.507436856627464294e-03 8.474722271785140038e-04 5.654626293107867241e-04 -1.992602774407714605e-04 -8.829074795357882977e-04 -5.342163494788110256e-04 2.281459601363167167e-04 -2.813371247611939907e-04 1.948036137036979198e-03 1.824651029892265797e-03 1.246083877049386501e-03 1.233492948813363910e-04 -9.520023595541715622e-04
-3.571062581613659859e-03 -1.147792674601078033e-03 -1.290489337407052517e-03 1.506437081843614578e-03 -1.453757868148386478e-03 -1.577927265316247940e-03 -1.861149095930159092e-03 2.230951329693198204e-03 -1.379711437039077282e-03 -1.241590478457510471e-03 1.017110189422965050e-03 1.427439739927649498e-03 -8.201201562769711018e-04 -1.757728517986834049e-03 3.272574860602617264e-03 -1.605510828085243702e-03 1.135441823862493038e-03 -3.934582229703664780e-03 -1.789343310520052910e-03 1.452723518013954163e-03
7.490768621210008860e-05 8.954067016020417213e-05 5.239482852630317211e-04 2.758670307230204344e-04 1.464328670408576727e-04 1.196153752971440554e-04 1.198691315948963165e-04 1.035629175021313131e-04 2.239119494333863258e-04 4.362699692137539387e-04 -1.406356896040961146e-04 -1.897298207040876150e-04 2.392763999523594975e-04 4.210950573906302452e-04 -2.959668927360326052e-04 2.530836209189146757e-04 3.333067870698869228e-04 1.572199253132566810e-04 4.370634269434958696e-05 1.482108054915443063e-04
3.340866649523377419e-03 1.437300466932356358e-03 -5.241515464149415493e-05 -1.604530378244817257e-03 2.743388060480356216e-03 -4.437836178112775087e-04 5.162811721675097942e-04 -1.773260068148374557e-03 -1.832614070735871792e-03 2.175365574657917023e-03 -1.241846242919564247e-03 -6.422215374186635017e-04 9.737492655403912067e-04 -1.111770980060100555e-03 -5.613430403172969818e-04 -1.817556476453319192e-04 -7.896187016740441322e-04 9.351746994070708752e-04 2.289612777531147003e-03 -6.337902159430086613e-04
2.588674891740083694e-03 2.726709470152854919e-03 2.020872663706541061e-03 -4.551753867417573929e-03 4.645525477826595306e-03 -1.450000330805778503e-03 1.878586714155972004e-03 -4.195752553641796112e-03 -1.747321686707437038e-03 4.869091790169477463e-03 -2.577807288616895676e-03 -6.083954940550029278e-04 -1.281055621802806854e-03 -6.464643520303070545e-04 -5.972443614155054092e-04 -6.810768536524847150e-05 -1.646772725507616997e-03 1.712947851046919823e-03 3.717238316312432289e-03 -3.285773345851339400e-05
-2.069062005061184095e-10 -3.282649152502870038e-11 -1.618449818607814450e-10 -5.223645127561127310e-11 -5.601763497509182343e-10 3.461174402641375991e-11 -2.386668918052947674e-10 2.976408841615096890e-10 -2.688567146691411835e-10 -3.492201527954819085e-10 -3.139264195817226266e-11 4.444228318689624757e-11 -3.540064075213678052e-11 -2.193426967833644881e-10 2.138699495279894336e-10 -9.583515231392780720e-11 -1.853888986769192115e-10 -3.461120001713169358e-10 -1.531070548121959973e-10 -5.938540631467148501e-11
7.437018211930990219e-04 2.545082243159413338e-04 2.980573917739093304e-04 -6.503978511318564415e-04 8.848098223097622395e-04 7.503721280954778194e-04 1.329099875874817371e-03 -1.126286224462091923e-03 1.355702534056035802e-05 8.605840848758816719e-04 -4.087000561412423849e-04 -3.419072018004953861e-04 -1.190943876281380653e-04 7.079459610395133495e-04 -1.016422524116933346e-03 3.574413422029465437e-04 8.392871241085231304e-04 1.237985707120969892e-04 2.907070156652480364e-04 -3.521373437251895666e-04
-1.004783087410032749e-03 -1.117705251090228558e-03 -2.237657754449173808e-04 1.286061364226043224e-03 -1.378150191158056259e-03 -2.229423407698050141e-04 -9.919865988194942474e-04 1.884605968371033669e-03 7.342303870245814323e-04 -1.873208093456923962e-03 6.940586026757955551e-04 2.778578491415828466e-04 -5.620097508653998375e-04 6.493882392533123493e-05 2.655443386174738407e-04 -1.010505948215723038e-03 -5.381428636610507965e-04 -8.771392167545855045e-04 -6.176684983074665070e-04 -2.591901866253465414e-04
-1.576869282871484756e-03 2.275569830089807510e-03 -1.100184279493987560e-03 6.648291600868105888e-04 1.586616388522088528e-03 -7.934017339721322060e-04 -1.894990709843114018e-04 1.847813022322952747e-03 -2.812906168401241302e-03 -1.434964942745864391e-03 -8.834832115098834038e-04 3.894882393069565296e-04 -2.026286441832780838e-03 -4.088543355464935303e-03 4.347481764853000641e-03 -1.580227748490869999e-03 -3.566012950614094734e-03 -2.062720013782382011e-03 -1.224247040227055550e-03 1.471586292609572411e-03
1.934650499606505036e-04 1.330031082034111023e-04 1.903687370941042900e-04 -2.437485964037477970e-04 2.869851887226104736e-04 1.369189121760427952e-04 4.000694025307893753e-04 -2.619832230266183615e-04 -5.437753497972153127e-05 1.297270646318793297e-04 -3.465675399638712406e-04 -1.128745570895262063e-04 4.409835673868656158e-05 3.144881338812410831e-04 -3.021149314008653164e-04 6.729283632012084126e-05 4.799656380782835186e-06 1.869877742137759924e-04 2.757748297881335020e-04 -4.405292929732240736e-05
-1.603648066520690918e-03 6.313485093414783478e-03 -7.163222413510084152e-03 -1.084484718739986420e-02 2.957062330096960068e-03 1.151711307466030121e-02 -4.180592950433492661e-04 -1.641989871859550476e-02 -1.919291331432759762e-03 -6.353452336043119431e-03 -1.185828703455626965e-03 -2.888218034058809280e-03 1.273456844501197338e-03 -1.148555165855214000e-04 6.437121890485286713e-03 -1.672331709414720535e-03 -3.596642287448048592e-03 1.029832381755113602e-02 2.798545639961957932e-03 -7.592329755425453186e-03
7.303778693312779069e-05 3.782918065553531051e-05 -2.215936547145247459e-05 9.849374691839329898e-06 1.049235506798140705e-04 -5.606007107417099178e-05 5.368130223359912634e-05 -8.722203347133472562e-06 -4.993992115487344563e-05 2.575801590865012258e-05 -7.646527956239879131e-05 1.828065251174848527e-06 -4.326480848249047995e-05 -1.712482844595797360e-05 -3.386633761692792177e-05 -1.543870166642591357e-05 2.214193773397710174e-05 -3.739490784937515855e-05 5.052963388152420521e-05 3.643682794063352048e-05
1.070749387145042419e-02 -3.274416667409241199e-04 2.324757399037480354e-03 -6.328251678496599197e-03 1.191797386854887009e-02 4.018255975097417831e-03 1.425826270133256912e-02 -8.996546268463134766e-03 -4.982043057680130005e-03 9.966095909476280212e-03 -8.552926592528820038e-03 -5.392465274780988693e-03 -5.316512193530797958e-03 4.342678934335708618e-03 -1.044934894889593124e-02 4.008529242128133774e-03 1.136516407132148743e-02 -2.839068649336695671e-03 2.711897250264883041e-03 7.069587009027600288e-04
-2.586500704637728631e-05 -3.575036089387140237e-06 1.103086106013506651e-05 -7.415158961521228775e-06 -1.252916035809903406e-06 -1.033772969094570726e-05 4.207964821034693159e-07 2.067830706664608442e-07 -9.205032256431877613e-06 -9.799568942980840802e-06 -1.269133122150378767e-06 -1.104333296098047867e-05 2.159373934773611836e-06 -9.416264219908043742e-06 1.203654301207279786e-05 -5.628170924865116831e-07 -8.727027307031676173e-06 1.751607101141416933e-06 -1.390596480632666498e-05 -4.566386451188009232e-06
-8.145443280227482319e-05 -6.552226295752916485e-06 1.438770232198294252e-05 8.419953519478440285e-05 -1.974129190784879029e-05 -3.029748040717095137e-05 -6.464227772084996104e-05 1.071489605237729847e-04 1.754659569996874779e-05 -6.582820788025856018e-05 1.342409905191743746e-05 -1.045372755470452830e-06 3.409315104363486171e-05 -9.320374374510720372e-06 7.674467633478343487e-05 -4.909739072900265455e-05 -1.962057103810366243e-05 -1.668979894020594656e-05 1.645288648433052003e-05 2.579108149802777916e-05
6.035464350134134293e-03 4.271790385246276855e-03 -8.162010461091995239e-03 -7.536144461482763290e-03 1.413707621395587921e-03 1.088728010654449463e-02 6.989481858909130096e-03 -9.832070209085941315e-03 7.702805101871490479e-03 9.114453569054603577e-04 6.486486643552780151e-03 3.230519359931349754e-03 -7.352025248110294342e-03 1.508342102169990540e-03 -4.902197513729333878e-03 5.546901375055313110e-03 5.151073914021253586e-03 8.992587216198444366e-03 2.447452861815690994e-04 -8.295846171677112579e-03
3.074925858527421951e-03 3.466069465503096581e-03 -1.334576081717386842e-04 1.879637478850781918e-03 4.793884232640266418e-03 3.980461508035659790e-03 -2.113517140969634056e-03 1.779015408828854561e-03 -4.701388068497180939e-03 -2.170799300074577332e-03 4.102854058146476746e-03 2.284941496327519417e-03 -2.584693720564246178e-03 -4.820552188903093338e-03 3.490572562441229820e-03 -7.242428604513406754e-03 7.139966473914682865e-04 -9.497459046542644501e-03 3.661083290353417397e-03 8.017051964998245239e-03
5.282385274767875671e-03 -1.673471182584762573e-03 6.007406394928693771e-03 -1.849911920726299286e-02 -1.496496726758778095e-03 5.016288720071315765e-03 2.904610708355903625e-03 -3.830529050901532173e-03 9.230119176208972931e-04 -1.644694828428328037e-03 1.325217541307210922e-03 3.152039600536227226e-03 1.883199322037398815e-03 3.271703317295759916e-04 1.234655035659670830e-03 4.079232923686504364e-03 4.981309175491333008e-04 1.172909978777170181e-02 -1.211835653521120548e-03 -3.145528491586446762e-03
1.404372014803811908e-04 -7.123300633793405723e-07 2.349032583879306912e-04 -5.032553453929722309e-04 2.417084178887307644e-04 8.890609024092555046e-05 5.285674706101417542e-05 -2.719528274610638618e-04 2.080010308418422937e-04 5.160364889889024198e-05 3.239209181629121304e-04 -2.240104222437366843e-04 -5.652814070344902575e-05 1.362422335660085082e-04 -3.781554405577480793e-04 4.215890949126332998e-04 5.700382171198725700e-04 1.927648117998614907e-04 3.589734478737227619e-05 -1.086321499315090477e-04
3.805063432082533836e-03 2.790240338072180748e-03 -1.084903138689696789e-03 -4.611039068549871445e-03 3.590801963582634926e-03 -4.772324115037918091e-03 1.334418426267802715e-03 -2.580137224867939949e-03 -1.420493004843592644e-03 -7.427304517477750778e-04 -3.103522118180990219e-03 -8.998183766379952431e-04 -1.781286846380680799e-05 6.904344772920012474e-04 -3.164673980791121721e-04 -1.576624927110970020e-03 -1.022110227495431900e-03 2.361629856750369072e-03 2.783621195703744888e-03 -3.137044259347021580e-04
1.157613005489110947e-02 4.533327650278806686e-03 7.187028881162405014e-03 -7.293614558875560760e-03 1.148173864930868149e-02 -1.847924850881099701e-02 1.392191089689731598e-02 -2.252130024135112762e-02 7.066226098686456680e-03 3.027857746928930283e-03 -1.222881861031055450e-02 -9.948257356882095337e-03 2.087837783619761467e-03 1.056522596627473831e-02 -2.085540257394313812e-02 -3.516849130392074585e-03 1.277138199657201767e-02 1.175670698285102844e-02 2.827086485922336578e-03 -1.260963082313537598e-02
-1.803570739866700023e-05 -5.202499596634879708e-05 6.754612695658579469e-05 3.277076029917225242e-05 -2.719722397159785032e-05 -2.550938552303705364e-05 -1.633263673284091055e-05 8.114692491290043108e-07 6.513611151603981853e-05 3.274438131484203041e-05 -2.162225064239464700e-05 -3.300325261079706252e-05 3.720018139574676752e-05 5.708750904886983335e-05 -5.903100827708840370e-05 -1.401465851813554764e-05 1.365096250083297491e-05 2.472749110893346369e-05 -1.234180308529175818e-05 -2.795531827359809540e-06
-1.218219404108822346e-03 -2.729827538132667542e-03 -1.405005343258380890e-03 3.960436675697565079e-03 -3.056023037061095238e-03 4.889742471277713776e-03 1.433934812666848302e-04 1.973802689462900162e-03 1.418487954651936889e-04 6.644083186984062195e-04 2.281818306073546410e-03 6.036971462890505791e-04 2.282252768054604530e-03 1.867559389211237431e-03 5.026149447076022625e-04 -4.535120388027280569e-04 -3.263432998210191727e-03 2.613383578136563301e-03 2.246547723188996315e-03 -2.804102259688079357e-04
-1.593573828451155805e-09 2.662227771565994772e-09 -4.858882185487800598e-09 3.844945251074705084e-09 -5.061777663684097206e-09 3.258099567915451189e-09 -4.342532111678565343e-09 6.212343528488872835e-09 -2.424889400387542082e-09 1.418416356591123417e-10 1.767412660669265279e-09 5.820230075670451697e-09 -3.149132066226911775e-09 -1.260820003956553137e-09 3.205455678667590291e-09 2.869254167592316662e-09 -6.690441534118463096e-09 -1.614575584341082504e-09 -1.872656696377816843e-09 4.899816996584149820e-09
1.773867197334766388e-02 8.965060114860534668e-03 -1.390260877087712288e-03 -1.181852165609598160e-02 1.638636179268360138e-02 -3.203660482540726662e-03 2.711376640945672989e-03 -1.388614997267723083e-02 -1.001176703721284866e-02 1.594703830778598785e-02 -7.137293927371501923e-03 -5.868028849363327026e-03 6.811115890741348267e-03 -7.755652070045471191e-03 -6.496289279311895370e-03 1.103292102925479412e-03 -5.886168684810400009e-03 3.686146577820181847e-03 1.586296223104000092e-02 -3.286743536591529846e-03
-6.184217200833064254e-12 2.182351955398731391e-12 -6.620940341123260353e-12 -2.353820263700789894e-12 8.923901656694710471e-13 4.983684038367686142e-12 -1.832066616469507636e-12 -2.119480589299338469e-12 -1.483876389818394870e-12 -3.969250275681623918e-12 1.907905907913565180e-12 -1.316634518425119360e-13 -3.276533341520226905e-12 -4.084839237694648517e-12 7.267255373866188251e-12 3.479430285557860714e-12 -3.910560243680638592e-12 1.893236652519836305e-12 1.204917459210474995e-12 8.146478283621583216e-13
4.350964809418655932e-05 -5.538936602533794940e-05 9.189776028506457806e-05 2.189626393374055624e-04 -1.066367694875225425e-04 1.710898068267852068e-04 1.132979959947988391e-04 -1.778263540472835302e-04 3.440773434704169631e-05 1.375210413243621588e-04 -1.345227938145399094e-04 -1.164789719041436911e-04 1.719895226415246725e-04 1.918595953611657023e-04 -7.159562665037810802e-05 6.008825585013255477e-05 -4.422790152602829039e-05 6.081291914483699657e-09 -5.437941217678599060e-05 1.576389695401303470e-05
2.248821838293224573e-04 4.567355426843278110e-05 8.454457274638116360e-04 -6.279261288000270724e-05 2.454575442243367434e-04 -2.236383734270930290e-04 3.784263390116393566e-04 -3.765397123061120510e-04 9.948430670192465186e-05 4.190161125734448433e-04 -7.688909536227583885e-04 -1.981745881494134665e-04 8.851677557686343789e-05 6.771347834728658199e-04 -5.668117664754390717e-04 1.621157280169427395e-04 2.881171531043946743e-04 9.110751852858811617e-05 1.533621107228100300e-04 -7.488274422939866781e-05
-1.745216897688806057e-03 2.307122806087136269e-03 -7.466468028724193573e-03 1.049616001546382904e-02 -4.635642748326063156e-03 2.594527229666709900e-02 -1.460948958992958069e-03 9.637315757572650909e-03 -2.212587743997573853e-03 5.660428199917078018e-03 5.260082427412271500e-03 7.784477435052394867e-03 -7.141245994716882706e-03 -9.440694004297256470e-03 7.770543918013572693e-03 6.685460451990365982e-03 4.820378762815380469e-08 -1.264659967273473740e-02 4.786911886185407639e-03 3.234703093767166138e-03
1.411951961927115917e-04 -3.121814806945621967e-04 1.078319619409739971e-04 2.011661126744002104e-04 -1.924534590216353536e-04 -2.247436204925179482e-04 6.986028165556490421e-05 -2.003666013479232788e-04 -9.620641503715887666e-05 1.215136580867692828e-04 -3.493235271889716387e-04 -5.285774241201579571e-04 2.427201543468981981e-04 2.280921034980565310e-04 -8.711596456123515964e-05 -1.449487317586317658e-04 -1.250719942618161440e-04 1.543427206343039870e-04 -1.893997978186234832e-04 -4.372001785668544471e-05
-2.794504165649414062e-03 2.099869307130575180e-03 -8.376943878829479218e-04 -1.375458668917417526e-03 -2.216869965195655823e-03 2.555481856688857079e-03 9.696472989162430167e-05 2.158270683139562607e-03 1.308482838794589043e-03 -1.333410735242068768e-03 2.123805024893954396e-04 -1.325830351561307907e-03 1.485581975430250168e-03 -6.064256886020302773e-04 1.818408491089940071e-03 1.911628642119467258e-03 2.845665148925036192e-04 1.575091504491865635e-03 -5.878711817786097527e-04 -4.927560803480446339e-04
4.587550356518477201e-04 2.686291918507777154e-05 3.193932061549276114e-04 -4.935830365866422653e-04 1.607860613148659468e-04 4.329670337028801441e-04 3.577510360628366470e-04 -5.189268267713487148e-04 2.383090759394690394e-04 3.756366786547005177e-04 2.615836456243414432e-05 -4.819161767954938114e-05 -7.347160135395824909e-05 2.592649252619594336e-04 -3.141609777230769396e-04 3.887393686454743147e-04 5.083543364889919758e-04 4.094094329047948122e-04 4.624986104317940772e-05 -1.932145096361637115e-04
-7.366575300693511963e-04 -4.533878527581691742e-04 6.022070301696658134e-04 -3.117200103588402271e-04 -1.281524746445938945e-04 -1.740520237945020199e-04 3.184039669577032328e-04 -1.079939655028283596e-03 -1.775344571797177196e-04 -1.989452575799077749e-04 -8.833061438053846359e-04 -1.316910609602928162e-03 3.190748975612223148e-04 5.276079536997713149e-05 2.062381827272474766e-04 3.602855940698646009e-05 -1.148431096225976944e-03 8.287000237032771111e-04 -5.480393883772194386e-04 -4.001215565949678421e-04
-4.775316847371868789e-05 1.187622729048598558e-05 -1.429170806659385562e-04 1.301509910263121128e-04 -1.152428285422502086e-05 3.825958174275001511e-06 -3.216894037905149162e-05 1.093784594559110701e-04 7.805453060427680612e-05 4.030218769912607968e-05 -3.310187094029970467e-05 -1.516888914920855314e-05 -5.513139694812707603e-05 -8.331036042363848537e-06 -8.524096415385429282e-07 4.539225847111083567e-05 -4.644315777113661170e-05 3.040346200577914715e-05 -4.435410664882510900e-05 -8.055787475313991308e-06
-1.317293569445610046e-02 3.882193705067038536e-03 1.153320074081420898e-02 4.441316123120486736e-04 -3.475689329206943512e-03 -1.259870640933513641e-02 -1.166832353919744492e-02 1.147444173693656921e-02 -3.068323712795972824e-03 -8.325588889420032501e-03 9.820401668548583984e-03 6.247212644666433334e-03 -7.951587758725509048e-05 -1.082959119230508804e-02 8.513493463397026062e-03 -7.650619372725486755e-03 -1.487300498411059380e-03 -1.089784409850835800e-02 -5.348418839275836945e-03 3.119270317256450653e-03
4.656223865674713469e-13 -4.918091826258859378e-14 -2.274427933317280104e-13 2.406234933527429121e-13 9.798358549225130720e-15 7.795858143061495937e-14 2.871753670367210853e-13 -2.842058728115548494e-13 -6.786605850320377720e-15 4.411024768103538607e-13 -8.315918754390333456e-14 -1.998367427482120040e-13 -3.865945649543511831e-13 -1.237149353230590498e-13 -2.356419638409323891e-13 1.572954413204749602e-13 -2.671856503676673517e-14 2.700985594038252113e-13 1.636939553090882571e-13 5.052243888005458761e-14
1.912104780785739422e-04 -1.416079583577811718e-03 -2.849065000191330910e-03 2.534956205636262894e-03 3.496789140626788139e-04 -2.011656528338789940e-03 -2.728736260905861855e-03 3.467889735475182533e-03 -2.201088704168796539e-03 -2.903224900364875793e-03 8.610876975581049919e-04 8.535299275536090136e-05 -5.582713638432323933e-04 -2.555295126512646675e-03 1.882388023659586906e-03 -8.256676956079900265e-04 -2.145824255421757698e-03 -2.878407482057809830e-03 -4.222176503390073776e-04 2.065449953079223633e-03
-3.819062754928381764e-08 -1.427690534683279111e-07 -1.165654879287103540e-07 2.293424046229119995e-07 -1.583186275411208044e-07 -3.033414088804420317e-07 -3.782039073030318832e-07 1.445202855165916844e-07 -1.816011518940285896e-07 -1.628449837198786554e-07 4.277166354427208717e-08 1.095474786438899173e-07 -2.165042758406343637e-07 -4.001994113878026837e-07 2.402911150056752376e-07 -2.384683170930657070e-07 -3.804305492849380244e-08 -2.500347591194440611e-07 -1.496202628459286643e-07 6.291329412988488912e-08
2.432571491226553917e-04 5.768811679445207119e-04 -7.361239404417574406e-04 -2.069467154797166586e-04 2.982439473271369934e-04 1.192859926959499717e-04 4.573818841890897602e-06 5.046421429142355919e-04 -4.438385367393493652e-04 -1.857181341620162129e-04 4.089468566235154867e-04 5.849666777066886425e-04 -3.288743610028177500e-04 -7.225147564895451069e-04 9.252578602172434330e-04 -4.569376178551465273e-04 -9.037097333930432796e-04 -4.088415589649230242e-04 -7.772680692141875625e-05 2.543840964790433645e-04
2.314533048775047064e-04 3.482970714685507119e-05 -1.905470526253338903e-05 -2.045821020146831870e-04 5.604020552709698677e-04 6.943770567886531353e-04 6.071820971556007862e-04 -4.723789461422711611e-04 3.787780005950480700e-04 3.805183223448693752e-04 -1.968068536370992661e-04 -3.506758366711437702e-04 2.258131426060572267e-04 4.476321046240627766e-04 -5.825294647365808487e-04 3.150021075271070004e-04 4.805914068128913641e-04 4.051585274282842875e-04 3.149463736917823553e-04 -7.036873721517622471e-04
-1.690564567979890853e-05 -1.930557846208103001e-05 -1.220902922796085477e-04 9.249067079508677125e-05 -4.529094439931213856e-05 2.883003253373317420e-05 -2.141856239177286625e-04 1.690085191512480378e-04 -1.392450067214667797e-04 -1.993512851186096668e-04 6.235214095795527101e-05 1.017394242808222771e-04 -1.019745541270822287e-04 -2.832575773936696351e-05 1.161911932285875082e-04 -6.324084824882447720e-05 -1.779359881766140461e-04 -3.209026908734813333e-05 1.130107993958517909e-04 2.169150102417916059e-04
9.786719456315040588e-03 -1.430926262401044369e-03 -7.904821075499057770e-03 -2.487623691558837891e-02 1.532405428588390350e-02 1.824479922652244568e-02 1.885943859815597534e-02 -1.526320911943912506e-02 6.748344749212265015e-03 -1.331031671725213528e-03 2.137481933459639549e-03 1.014735084027051926e-03 3.590220585465431213e-03 6.123492028564214706e-03 -7.079707458615303040e-03 9.650628082454204559e-03 4.116887575946748257e-04 2.582687325775623322e-02 5.300657358020544052e-03 -5.097114946693181992e-03
-3.250523295719176531e-04 3.083920455537736416e-05 -3.301096148788928986e-04 -2.506512100808322430e-04 6.876363477203994989e-05 8.738932956475764513e-05 1.538880314910784364e-05 2.355563337914645672e-04 -1.494332682341337204e-04 -5.117200780659914017e-04 2.896156802307814360e-04 3.831242502201348543e-04 -9.294435585616156459e-05 -3.961159090977162123e-04 3.597502072807401419e-04 -2.560104476287961006e-04 -2.032415795838460326e-04 -9.360342664876952767e-05 9.909129585139453411e-05 -3.679081055452115834e-05
-3.319527953863143921e-03 -3.934037813451141119e-04 -1.091264840215444565e-02 3.560924669727683067e-03 -7.196892518550157547e-03 -6.159275770187377930e-03 -1.598439551889896393e-02 1.479795202612876892e-02 -9.150818805210292339e-04 -9.859199635684490204e-03 1.022524572908878326e-02 3.180186729878187180e-03 -5.120407789945602417e-03 -1.185192074626684189e-02 9.394983761012554169e-03 3.589836880564689636e-03 -6.182744633406400681e-03 -1.201903633773326874e-02 -6.434137932956218719e-03 -3.079550224356353283e-04
-5.470790201798081398e-04 -6.409885245375335217e-04 -9.197443141601979733e-04 4.884259542450308800e-04 -6.437686970457434654e-04 -4.050159768667072058e-04 -4.042994696646928787e-04 9.793605422601103783e-04 -3.628668200690299273e-04 2.492963976692408323e-04 4.707241896539926529e-04 5.351912113837897778e-04 -8.587866323068737984e-04 -1.292433938942849636e-03 -1.808974161576770712e-06 -5.782471271231770515e-04 -2.650039095897227526e-04 -1.968221506103873253e-03 -3.805615706369280815e-04 -2.387902641203254461e-04
