3.361589042469859123e-03 -2.433049026876688004e-03
7.051504217088222504e-04 -6.475459784269332886e-03
-2.364844316616654396e-03 1.723625115118920803e-03
1.597421730653084844e-19 4.507346901244941559e-20
2.149497660877075620e-23 2.780529902613071239e-23
1.115437783300876617e-02 2.171256020665168762e-02
7.059391577968199272e-07 -9.500943178863963112e-07
-1.278073455068806652e-06 -1.260983253814629279e-06
-1.679011347732739523e-07 4.569699740386568010e-06
7.891718528663105303e-11 -3.354354016771310398e-10
4.935773555189371109e-03 -8.413159288465976715e-03
2.870185198844410479e-05 5.785234316135756671e-05
6.509101949632167816e-03 3.116127476096153259e-02
-2.045523747801780701e-02 4.985021799802780151e-02
4.005897610154240951e-12 -3.451997368508763486e-11
2.611381059978157282e-04 -3.478866710793226957e-04
-7.318679126910865307e-05 -3.672056132927536964e-03
3.505421375393780181e-07 -5.528591827896889299e-06
-2.811515943822862765e-32 -2.204296410616760113e-31
-4.780646278845779307e-08 8.718544108887726907e-08
7.787370588630437851e-03 8.610223419964313507e-03
1.837195828557014465e-03 -5.577462259680032730e-03
2.287737288497737609e-07 -6.583886147382145282e-07
-7.512420415878295898e-02 -3.108660317957401276e-02
4.568326801290822914e-07 3.124521299469051883e-07
-7.203548448160290718e-04 -1.093361410312354565e-03
4.148318432271480560e-03 -2.699861535802483559e-03
-6.229745252994689508e-08 2.770731498458189890e-06
2.124344557523727417e-02 9.128407388925552368e-02
5.595434160454715311e-08 -1.579714563604284194e-07
-2.023341367021203041e-03 -3.625763347372412682e-03
4.005272407084703445e-03 -5.481378640979528427e-03
-4.324776000430574641e-06 -3.751325039047515020e-06
3.998512984253466129e-04 1.256477786228060722e-03
4.153137833640130339e-10 5.005447722972178326e-10
-3.270024317316710949e-04 1.435792219126597047e-04
1.306565682170912623e-04 -2.969708875752985477e-04
1.119948457926511765e-03 8.975525270216166973e-05
-2.303145825862884521e-03 -6.082422100007534027e-03
-4.567797761410474777e-03 1.150055676698684692e-01
-9.174505976261571050e-05 -1.253803959116339684e-03
-7.010793779045343399e-04 -3.993908409029245377e-03
1.362407409111199286e-09 2.806213927897260874e-09
2.693792566788033582e-06 5.338941264199092984e-05
5.748425028286874294e-04 -9.249230497516691685e-04
-1.026143843889297117e-30 6.364763533290010248e-31
-1.185052911750972271e-03 -6.166181527078151703e-03
-1.021098028179678874e-12 1.407641104372858720e-11
-3.525502023649096373e-08 -4.991668944853699941e-08
-3.154197964946712672e-16 -1.352219014166730062e-16
9.397802932653576136e-05 3.677886561490595341e-04
2.244877805424039252e-06 -8.177699584166475688e-08
9.468599415640710504e-08 4.886007900495314971e-07
1.590468491485808045e-05 -2.879422972910106182e-04
9.139645844697952271e-04 -1.032819389365613461e-03
3.626989433541893959e-03 -3.457603603601455688e-02
7.002299629021990768e-09 2.827760070545082272e-08
1.835310133174061775e-03 7.328954059630632401e-03
1.732008880935609341e-03 4.614055156707763672e-03
-1.463582366704940796e-02 3.699075058102607727e-02
-4.913900513201951981e-03 -2.481770329177379608e-02
9.146896434719664626e-11 -2.952752764517896367e-10
3.541187834343872964e-05 1.742572640068829060e-03
-1.498363100260746705e-09 3.124137171184315775e-09
4.583271220326423645e-03 -8.731837384402751923e-03
-4.837803135160356760e-05 -6.906738417455926538e-05
8.946278830990195274e-05 -9.576701268088072538e-05
-8.675840799696743488e-04 -6.158213946036994457e-04
1.426806466042762622e-05 -1.147220791608560830e-05
-3.720493357839416149e-11 -1.714497576028872761e-12
-4.154467605985701084e-04 -5.489688483066856861e-04
-5.111933569423854351e-04 -1.595334964804351330e-03
2.542339450073427543e-09 -7.297555892904483699e-09
-3.332987716930801980e-07 -1.139200890065694693e-06
7.617395021952688694e-05 4.654547592508606613e-05
-2.357657535867474508e-07 2.279827276652213186e-05
3.541212208801880479e-05 5.921213232795707881e-05
-4.030690503586953355e-10 -2.704849400014808225e-10
3.415221290197223425e-04 1.450180658139288425e-03
-7.077476038830354810e-05 -9.180397028103470802e-04
1.227123895660042763e-03 -4.406349267810583115e-03
3.393116950606289706e-13 5.864103148379984365e-13
-3.848743508569896221e-04 1.074465108104050159e-03
2.967450127471238375e-04 1.488736743340268731e-04
9.216276521328836679e-05 2.328123082406818867e-04
5.674571148119866848e-04 9.204770321957767010e-04
6.672925665043294430e-04 1.197472866624593735e-02
8.178537427738774568e-06 -4.177828304818831384e-05
7.416856475174427032e-03 5.686616059392690659e-03
1.524564460851252079e-03 -2.332667121663689613e-03
7.996843196451663971e-04 -1.301140408031642437e-03
-4.874937701970338821e-03 9.661451913416385651e-03
-8.392606861889362335e-03 -2.153220772743225098e-02
-2.817889209836721420e-03 -6.576450541615486145e-03
7.572271279059350491e-04 -2.311908639967441559e-03
2.842023270204663277e-03 8.755588904023170471e-03
8.694860152900218964e-03 2.334977127611637115e-02
1.648872857913374901e-03 -2.322840737178921700e-03
2.543108072131872177e-03 1.085703843273222446e-03
-9.581831328375756129e-09 -7.725206252473526547e-09
-5.056990776211023331e-03 1.382120046764612198e-02
2.365836962781031616e-06 8.988805575427250005e-07
-5.575896240770816803e-03 6.215855479240417480e-03
1.460395869798958302e-04 3.679751825984567404e-04
7.327522616833448410e-03 -1.836655475199222565e-02
4.373911360744386911e-05 2.942591381724923849e-04
1.451548541808733717e-05 -1.384976258123060688e-05
-8.087934111244976521e-04 -7.537819910794496536e-04
1.461809966713190079e-03 2.279889071360230446e-03
1.503144071886286515e-12 1.414405745303604078e-11
-1.327052479609847069e-03 1.885911566205322742e-03
-5.876803076905037166e-35 5.877024630039518320e-35
2.463085809722542763e-03 6.998901255428791046e-03
1.609141181688755751e-04 9.674575267126783729e-05
3.010092070326209068e-03 -1.015800423920154572e-02
2.021505264565348625e-03 -3.191375173628330231e-03
9.651155569168068382e-11 1.998463061703148469e-10
-1.747545786201953888e-02 2.305058948695659637e-02
8.091789670288562775e-03 6.325338967144489288e-03
-4.432816058397293091e-03 1.342341024428606033e-02
-1.663055969402194023e-03 -1.601404137909412384e-02
