-2.486482844687998295e-04 2.006172202527523041e-03 -1.015314017422497272e-03 -3.798744583036750555e-04 2.421249635517597198e-03
1.943239567481214181e-06 -3.734362735485774465e-06 3.809473128058016300e-07 2.037632782503351336e-07 -1.206153115163033362e-06
-1.485836785286664963e-02 1.814613305032253265e-02 6.769661791622638702e-03 3.386263735592365265e-03 -1.897685462608933449e-03
8.642756732513134921e-09 -2.196523141151374148e-08 -4.150366450517140038e-08 -6.863679402613342972e-08 5.923404344798655075e-08
-1.062004263759761091e-19 -2.042866116084162220e-19 4.384981362371633262e-20 1.281813294378949940e-19 -4.421859917512602887e-19
1.841640099883079529e-02 -1.186329033225774765e-02 -1.204534899443387985e-03 1.522751338779926300e-02 -1.853173784911632538e-02
-6.969623791519552469e-05 4.320457082940265536e-05 7.812616240698844194e-05 -4.734249887405894697e-05 -1.298869028687477112e-05
1.299471106755564417e-14 1.302731251866251494e-14 8.237229393590408955e-15 1.300737844528183224e-14 -8.156002322080510569e-15
-5.232100974694731121e-08 2.556870413172873668e-07 -3.945397253346527577e-08 -3.471297205237533490e-08 9.236079279162368039e-08
2.768582761975680060e-23 -1.221244008184334241e-23 4.210980848381194598e-23 3.564730848694761484e-23 -8.865225163760972437e-24
1.153811579570174217e-03 8.506461046636104584e-03 -4.509819205850362778e-03 -3.569568693637847900e-02 3.031909093260765076e-02
-2.067603418254293501e-05 6.228099664440378547e-06 -3.331526386318728328e-05 -1.935104955919086933e-05 3.012609158759005368e-05
-7.679424714297056198e-03 8.165654726326465607e-03 2.781018381938338280e-03 -1.065133884549140930e-02 1.045552454888820648e-02
4.573934245854616165e-03 -8.997897617518901825e-03 -1.538978237658739090e-02 -1.956350635737180710e-03 1.515496242791414261e-02
-2.006818119554572137e-16 -1.740263600847442253e-16 3.243903253923475366e-17 4.638391594438359168e-16 -3.238857319838003889e-16
-1.654267078265547752e-03 2.611235249787569046e-03 -2.584081375971436501e-03 2.384266816079616547e-03 2.258804161101579666e-03
-1.520389778306707740e-04 -2.799115645757410675e-05 2.369593858020380139e-04 1.198288518935441971e-03 -1.463629887439310551e-03
-1.842352511513062818e-16 8.531213142000458431e-16 -9.103179551172213210e-17 -2.447659196279930926e-17 1.882363012749126152e-15
1.120335582527332008e-06 -1.423317917215172201e-05 -3.892085715051507577e-06 6.154121365398168564e-06 -5.564164439419982955e-06
-6.218228008947335184e-06 5.380917400543694384e-07 -4.662153969547944143e-06 -1.231047008332097903e-05 1.331421481154393405e-05
-6.965113338083028793e-03 3.749248804524540901e-03 -1.393083203583955765e-02 -7.164700888097286224e-03 2.533145248889923096e-02
-3.411562647670507431e-04 8.996244287118315697e-04 1.540062017738819122e-03 1.011433429084718227e-03 -1.499486039392650127e-03
2.309402657054654030e-18 -1.706921211805863850e-18 -5.581818004682098535e-20 5.655119105801973786e-18 -2.085961321269379982e-18
6.919294595718383789e-02 -1.975602470338344574e-03 8.305761218070983887e-02 -5.033161118626594543e-02 2.126675471663475037e-02
-3.632538573583588004e-05 1.621653245820198208e-05 -7.150056626414880157e-05 -7.439095497829839587e-05 1.212867791764438152e-04
-7.388354424620047212e-05 -3.401183988898992538e-03 3.499860409647226334e-03 1.961449859663844109e-03 -5.220872815698385239e-03
2.528894110582768917e-04 -1.032214029692113400e-03 -1.632654457353055477e-03 -7.345117628574371338e-04 1.065232791006565094e-03
-3.387820513012229640e-08 -5.001481895305914804e-08 -8.313188359920786752e-09 2.737954751808047149e-08 -7.449465755371420528e-08
-1.174492854624986649e-02 2.662640996277332306e-02 -8.162454701960086823e-03 -2.657379582524299622e-02 5.108350142836570740e-02
-6.645053396425737446e-09 -1.430296325821700520e-09 -9.989619131900440152e-10 8.351365821113176935e-09 -7.030813264918833738e-09
-1.235232572071254253e-03 1.353737316094338894e-03 -1.076139160431921482e-03 -2.678749384358525276e-03 3.538288641721010208e-03
2.178525937779340893e-05 -9.008697816170752048e-05 -1.139961241278797388e-04 -4.990718662156723440e-05 6.689955625915899873e-05
-2.985084211104549468e-05 4.193438508082181215e-05 2.854365266102831811e-05 -3.399184060981497169e-05 1.672918369877152145e-05
1.568455481901764870e-04 -5.766355316154658794e-04 -9.043637546710669994e-04 -4.348252841737121344e-04 6.221183575689792633e-04
2.680001776056428753e-10 4.943208620211692050e-10 2.878496607738867397e-10 3.875305631950709540e-11 -1.434134894173766384e-10
-4.278017176617687767e-11 9.795099176201915725e-10 -3.522977048975306502e-11 -5.067861061358591712e-11 5.312904005627672177e-10
6.271427264437079430e-04 -9.820637060329318047e-04 2.427764266030862927e-04 -8.596278348704800010e-05 -2.154635731130838394e-04
-1.770828268490731716e-03 1.277833944186568260e-03 -8.522772113792598248e-04 -1.293755834922194481e-03 1.741090789437294006e-03
-3.090842859819531441e-03 3.405682044103741646e-03 -1.253921305760741234e-03 -1.598437689244747162e-02 1.330773439258337021e-02
-2.418873831629753113e-02 1.715233735740184784e-02 -4.434219747781753540e-02 -4.453856498003005981e-02 6.560158729553222656e-02
1.769855407474096864e-05 8.089577750070020556e-05 6.674628821201622486e-05 2.589320502011105418e-05 -3.719108281075023115e-05
1.913820393383502960e-03 -2.347422763705253601e-03 9.914198890328407288e-04 5.525279324501752853e-03 -5.287347827106714249e-03
3.325468185266799992e-07 -8.563338269595988095e-07 4.524410996964434162e-07 4.718542072623677086e-07 -6.255027074075769633e-07
1.846892519097309560e-05 1.653681579227850307e-06 3.663704410428181291e-05 -4.888355533694266342e-07 -2.543525260989554226e-05
7.779525913065299392e-05 -2.228151288363733329e-06 7.512581214541569352e-05 9.535217395750805736e-05 -1.280973228858783841e-04
-6.103838927629112732e-07 2.558291498644393869e-06 6.956014431125367992e-07 -1.506232251813344192e-06 1.578153387526981533e-06
-4.956886637955904007e-03 1.269894652068614960e-02 1.525620929896831512e-02 5.402541719377040863e-03 -1.317572686821222305e-02
-6.394179654307663441e-04 9.054929832927882671e-04 1.829552493290975690e-04 -2.712074492592364550e-04 1.864895011749467812e-06
7.350663654506206512e-03 -3.057579323649406433e-02 -9.928842075169086456e-03 6.314998026937246323e-03 -1.720296777784824371e-02
1.717838022159412503e-04 4.226785222272155806e-06 4.905050736851990223e-04 2.250376564916223288e-04 -4.095104231964796782e-04
1.716044861765908536e-09 2.212728472672509383e-10 1.904187252321776214e-09 3.301846129843966082e-09 -3.065093734377910550e-09
-2.359885002078954130e-05 6.690772352158091962e-06 -2.082533137581776828e-05 -1.216657528857467696e-05 1.232954446095391177e-06
-3.133908903691917658e-04 7.356789865298196673e-05 -3.663162933662533760e-04 -4.954673349857330322e-04 6.872736848890781403e-04
5.829715519212186337e-04 -7.978915236890316010e-03 -2.021458745002746582e-02 -1.649241149425506592e-02 3.020212799310684204e-02
-7.218395476229488850e-04 1.776372373569756746e-04 -7.681665010750293732e-06 -2.346346154808998108e-03 1.042070682160556316e-03
-3.869529696665097163e-11 -6.956817899528289217e-10 6.163705656980766889e-11 3.154387029358218797e-10 -5.271680869611827802e-10
-6.118817691458389163e-05 1.266579783987253904e-05 -6.762863631593063474e-05 -1.584739038662519306e-05 5.073608917882665992e-05
1.917722111102193594e-04 -3.231324662920087576e-04 -5.310253618517890573e-05 -1.362765207886695862e-03 1.147827366366982460e-03
1.006864709779620171e-03 -9.367495076730847359e-04 -8.159993449226021767e-04 2.235854335594922304e-04 1.111160730943083763e-03
9.418545801054278854e-07 9.818567923502996564e-05 2.179228977183811367e-05 -2.546386385802179575e-04 1.336558925686404109e-04
4.672721493989229202e-03 -1.359311863780021667e-02 5.468330346047878265e-03 1.661474071443080902e-02 -2.391750738024711609e-02
1.118545229211048448e-15 -8.964526610453788652e-16 9.850715773277287160e-16 9.422739671182843099e-16 -2.201875487156472987e-15
1.541117380838841200e-04 1.083840616047382355e-04 1.382338581606745720e-03 2.074728952720761299e-03 -1.059609930962324142e-03
4.437929874256951734e-06 -5.494266588357277215e-06 -2.087193024635780603e-06 1.045713361236266792e-05 -1.605722536623943597e-05
6.908116862177848816e-03 -1.035665348172187805e-02 -1.083820406347513199e-02 2.058615535497665405e-02 -2.031771652400493622e-02
1.074098167009651661e-03 1.264043617993593216e-03 4.190306644886732101e-03 2.723010838963091373e-04 -1.995405647903680801e-03
-2.611638628877699375e-04 -1.951356971403583884e-04 -1.281907316297292709e-04 -9.820346022024750710e-04 7.119593210518360138e-04
-1.466038986109197140e-03 1.679037930443882942e-03 2.246868680231273174e-04 -2.578221938165370375e-05 3.685616247821599245e-04
1.988036092370748520e-03 -1.418955042026937008e-03 -3.092301485594362020e-04 1.727940863929688931e-03 -2.439659088850021362e-03
3.474744502454996109e-03 -5.596660077571868896e-03 1.079311780631542206e-02 -2.816862193867564201e-03 -1.159173808991909027e-02
3.109808312729001045e-05 2.113083246513269842e-05 1.668936602072790265e-04 2.943806757684797049e-04 -2.137537085218355060e-04
-2.636127173900604248e-03 4.146279301494359970e-03 -5.261794431135058403e-04 -5.659249611198902130e-03 6.997805554419755936e-03
-1.034330576658248901e-03 1.417132443748414516e-03 1.268596155568957329e-03 2.460672287270426750e-03 -2.271385630592703819e-03
9.291959941037930548e-06 -6.895910246385028586e-06 1.464406796003459021e-05 1.102194528357358649e-05 -9.877274351310916245e-06
8.803119271760806441e-06 -2.600062543933745474e-05 -1.930010876094456762e-05 7.139179069781675935e-05 -5.470059841172769666e-05
1.863742113528132904e-06 -4.150192125962348655e-06 -2.342641209907014854e-06 -7.373982953140512109e-06 1.008978324534837157e-05
-1.602417043500281579e-08 1.760030414743596339e-07 -2.418593680886260699e-07 -8.689041663956231787e-08 2.627860169468476670e-07
-4.469375269877673418e-08 2.450771603434986901e-07 3.077780377225280972e-07 2.769164666460710578e-07 -2.337204705327167176e-07
2.471789593982975930e-05 2.604372566565871239e-04 -2.205561468144878745e-04 -9.429536876268684864e-04 1.043614232912659645e-03
9.057286661118268967e-04 8.568726116209290922e-06 1.702440786175429821e-03 4.550855606794357300e-03 -3.502572420984506607e-03
5.489348550327122211e-04 -3.902242751792073250e-04 1.495553529821336269e-03 1.528405002318322659e-03 -2.840245841071009636e-03
1.745377267070580274e-05 -2.215194581367541105e-05 -6.398857976819272153e-07 1.566026367072481662e-05 -1.752805292198900133e-05
9.189431148115545511e-05 4.768250510096549988e-04 -1.134048681706190109e-03 -1.854202826507389545e-03 3.012271597981452942e-03
-2.220882306573912501e-04 8.829820435494184494e-04 5.861154641024768353e-04 8.174341055564582348e-04 -4.362025938462466002e-04
2.076222095638513565e-03 -1.788716064766049385e-03 -2.489368489477783442e-04 1.515026087872684002e-03 -2.169076818972826004e-03
-4.028207622468471527e-04 1.048159610945731401e-04 -1.212769493577070534e-04 3.857257615891285241e-05 -2.253178390674293041e-04
-2.830700017511844635e-03 1.173107326030731201e-02 -2.028282498940825462e-03 -7.296830881386995316e-03 5.375948268920183182e-03
-3.195577664882875979e-05 3.811904434769530781e-06 -1.031882566167041659e-04 -4.980061567039228976e-05 1.933794992510229349e-04
-1.199794374406337738e-02 5.056273192167282104e-03 -7.759660948067903519e-03 -6.276673171669244766e-03 1.464331243187189102e-02
1.032393720379332080e-05 8.681298822921235114e-06 2.784471507766284049e-05 -7.000590358074987307e-06 -1.966799936781171709e-05
1.023434037961123977e-06 -3.488024503894848749e-06 5.934894033998716623e-07 1.070113242462866765e-07 -6.500669655906676780e-07
2.038724487647414207e-03 3.918526694178581238e-03 3.738470375537872314e-03 -4.041787702590227127e-03 4.143443889915943146e-03
5.622981581836938858e-03 -4.132353700697422028e-03 -6.396805983968079090e-04 -3.298676805570721626e-03 2.962751314043998718e-03
2.854325808584690094e-03 -2.722761826589703560e-03 7.187506416812539101e-04 -3.862639132421463728e-04 -8.200909942388534546e-04
-4.998003350920043886e-05 2.340197170269675553e-05 6.385268352460116148e-05 -1.762799947755411267e-04 1.094084946089424193e-04
-3.281941637396812439e-03 9.686760604381561279e-04 -3.137219930067658424e-03 -1.219522324390709400e-03 2.980580553412437439e-03
-4.212428350001573563e-03 -9.075758280232548714e-04 -8.660751045681536198e-04 -8.449358865618705750e-03 -1.652790349908173084e-03
7.338144496316090226e-05 -1.559610245749354362e-04 -4.908131086267530918e-05 2.970387686218600720e-05 -5.199014776735566556e-05
2.415049821138381958e-03 -3.095471765846014023e-03 -1.310392632149159908e-03 7.519748993217945099e-03 -2.392604714259505272e-03
3.631062691174306812e-16 -5.194406255630947336e-16 3.368395391950584124e-16 6.947199459001750818e-17 -1.260942161435455421e-15
7.642579191724507837e-08 -2.286008822238727589e-07 -1.575131847175725852e-08 1.600184731387344073e-07 -2.837817874024040066e-07
-4.821619215000794156e-10 -2.487701433739886170e-10 -5.762492150118703194e-10 -1.428907599881901191e-11 2.023711892507051857e-10
-2.594339036932069575e-07 -9.510015388514148071e-07 -1.251883304576040246e-06 -6.237420393517822959e-07 9.643878229326219298e-07
-1.415681981598027050e-05 -3.418208052607951686e-06 -1.956309424713253975e-04 -2.362149534747004509e-04 3.162221692036837339e-04
3.619886189699172974e-02 -1.966738887131214142e-02 4.007889702916145325e-02 -3.226622939109802246e-02 -4.400041507324203849e-05
7.731920049991458654e-05 -1.077407214324921370e-04 -4.930766226607374847e-05 -1.154454075731337070e-04 1.170004616142250597e-04
-7.240984700729313772e-09 3.449181606995921356e-09 6.871810231956487769e-09 6.988777556671266211e-09 4.109752538283828471e-09
4.028556577395647764e-04 -1.764247281244024634e-04 -4.064497188664972782e-04 -6.714247865602374077e-04 1.024739816784858704e-03
-2.549781929701566696e-03 3.973916638642549515e-03 -1.310332445427775383e-03 -4.501515533775091171e-03 5.822935607284307480e-03
2.096429001539945602e-03 -1.291751489043235779e-02 8.722846396267414093e-03 5.988880526274442673e-03 -2.510458789765834808e-02
-4.309633732191286981e-05 1.670810343057382852e-05 2.523960720282047987e-04 5.606954800896346569e-04 -5.299401818774640560e-04
1.985733799614308737e-09 5.452180928955385752e-09 2.790180309020229288e-10 -1.624914536257904274e-09 7.041455862832890489e-09
3.486613859422504902e-04 -1.884000666905194521e-04 -5.562189471675083041e-05 3.592197608668357134e-04 -7.659437833353877068e-04
-2.954598585347412154e-06 -8.499358955305069685e-06 -1.030355269904248416e-05 9.975376087822951376e-06 -4.706188974523684010e-06
1.446811016649007797e-03 -5.635256879031658173e-03 -7.519247010350227356e-04 8.075123187154531479e-04 -3.500178223475813866e-03
-2.499824913684278727e-04 1.370128826238214970e-03 2.472562482580542564e-03 3.486977075226604939e-04 -1.255987561307847500e-03
-1.791028353181900457e-06 -6.840199057478457689e-05 -3.723798363353125751e-05 -2.575869621068704873e-05 6.661719817202538252e-05
8.798116818070411682e-03 6.157790776342153549e-03 1.221200544387102127e-02 -1.567191444337368011e-02 1.638733595609664917e-02
7.325988844968378544e-04 -4.345310153439640999e-04 -5.753604455094318837e-06 -2.265083894599229097e-04 -1.744948676787316799e-04
9.669586084783077240e-03 3.070934209972620010e-03 4.403115715831518173e-03 -1.140034198760986328e-02 1.266375649720430374e-02
3.088558791205286980e-03 -1.651785895228385925e-02 -9.498861618340015411e-03 -1.425861701136454940e-04 -2.245479263365268707e-03
