-9.295628406107425690e-03 -9.497877210378646851e-03 -9.156372398138046265e-03 -5.889934836886823177e-04 -3.385787829756736755e-03
7.891609129728749394e-06 6.799199127272004262e-06 2.786639925034251064e-06 -8.045606136874994263e-07 6.344061148411128670e-06
2.381107583642005920e-02 2.088338881731033325e-02 -1.594028435647487640e-02 1.080390252172946930e-02 -5.187243223190307617e-03
-2.454258174111600965e-05 -3.650287226264481433e-06 -9.408218488715647254e-07 1.302022155869053677e-06 -1.291607713937992230e-05
1.578650811418988442e-13 2.669471631591702199e-13 -1.149239557685088897e-12 6.179959430481496430e-13 5.371921982764982229e-13
-3.444715985096991062e-04 2.789817377924919128e-02 2.247758023440837860e-02 3.073757514357566833e-03 -1.932670921087265015e-02
1.175609504571184516e-04 1.188466994790360332e-04 -3.760494291782379150e-05 6.867466436233371496e-05 -1.484563472331501544e-05
1.339857476523320656e-06 5.127620283928990830e-07 1.003195961857272778e-06 -4.828137321055692155e-07 -9.749218179422314279e-07
1.738265837047947571e-06 -5.003618298360379413e-06 -7.205784640973433852e-06 -1.097124254556547385e-06 -7.402969004033366218e-06
6.769149081264913548e-07 -1.260408112102595624e-06 2.994614192175504286e-07 -7.503198844460712280e-07 2.476314264754364558e-08
-2.259513828903436661e-03 2.903334796428680420e-03 -1.282318681478500366e-02 -1.558129582554101944e-02 -6.383512634783983231e-03
-6.676550128759117797e-06 -5.109614448883803561e-06 -4.510725830186856911e-06 3.310122565380879678e-06 1.927527364387060516e-06
4.335488192737102509e-03 2.123303897678852081e-02 1.693628728389739990e-02 -2.702174475416541100e-03 -1.220457139424979687e-03
-1.111667044460773468e-02 -1.083173882216215134e-02 -7.600158569402992725e-04 1.555143739096820354e-03 -2.548862481489777565e-03
2.043764766312961001e-07 1.164282963372897939e-07 -8.440407839316321770e-08 1.315178224103874527e-07 -5.087682097837387118e-08
-2.615493349730968475e-02 -1.957703195512294769e-02 -3.805189160630106926e-03 2.129248809069395065e-03 -1.032291073352098465e-02
-9.623990044929087162e-04 -7.292422815226018429e-04 4.318588762544095516e-04 -7.367949583567678928e-04 -1.598782138898968697e-03
-3.229401609409349172e-13 -2.182372663660225864e-13 -9.315712399616052353e-14 -1.729029788267999468e-13 -1.204575176584621321e-13
-2.425687905746598538e-12 -2.027333812978926453e-12 -7.474325520485936014e-13 1.573893250970959112e-12 -6.390770074596319184e-13
-1.354028354398906231e-03 4.557160136755555868e-04 -1.220404519699513912e-03 -1.990798162296414375e-03 7.460911292582750320e-04
-1.437465008348226547e-02 -1.992968283593654633e-02 1.154196355491876602e-02 -2.414204645901918411e-03 -9.921436198055744171e-03
2.199079375714063644e-03 1.496885321103036404e-03 5.581165896728634834e-04 -2.094512572512030602e-03 -3.100857604295015335e-03
1.251179201062768698e-04 5.714746293961070478e-05 6.432027294067665935e-05 6.101531107560731471e-05 9.429791680304333568e-05
1.776593327522277832e-01 6.715270876884460449e-02 6.486878730356693268e-03 -2.151653729379177094e-02 3.280278667807579041e-02
7.113906322047114372e-04 8.284479379653930664e-03 1.464556553401052952e-03 2.142061712220311165e-03 2.293801400810480118e-03
-5.962792783975601196e-03 -7.941173389554023743e-03 -2.215350512415170670e-03 7.206522859632968903e-04 -1.036675763316452503e-03
-7.314958143979310989e-03 3.397972323000431061e-03 -5.803546868264675140e-03 1.544016646221280098e-03 6.393627263605594635e-03
2.598933404368477390e-14 -1.125542123696018915e-14 1.963280070200329464e-14 -2.157883009919984302e-14 -3.684117288039849558e-14
-6.877663731575012207e-02 -4.643635824322700500e-02 -1.462130807340145111e-02 -9.485378861427307129e-03 1.396952196955680847e-02
-1.247587704256147845e-07 -4.065564382926822873e-07 -1.423136382072698325e-07 5.215293796823061712e-08 2.433728525375045137e-07
5.728811374865472317e-04 1.308436738327145576e-03 -3.333003260195255280e-04 -1.863350975327193737e-03 2.773508895188570023e-04
3.669166238978505135e-03 1.719113788567483425e-03 -4.731463734060525894e-03 1.235356670804321766e-03 4.787663463503122330e-03
-8.983563020592555404e-06 6.792754447815241292e-06 7.156554602261167020e-06 2.221202066721161827e-06 1.955782681761775166e-05
-3.064910114982180578e-14 -2.231192017438949488e-14 9.789522301519373859e-15 -1.567991477760197205e-14 -5.502923911510688331e-17
-8.876001083990558982e-05 -5.310902270139195025e-05 9.333160051028244197e-06 7.268256013048812747e-06 -2.072146526188589633e-05
-5.322407741914503276e-05 -4.749907748191617429e-05 7.162133260862901807e-05 -2.136202419933397323e-05 -5.354201857699081302e-05
6.979729505474097095e-07 3.382223212611279450e-07 -6.219699457687966060e-07 -1.390766470876769745e-07 1.148836830111577001e-07
-1.254989206790924072e-02 -1.526079792529344559e-02 1.981638139113783836e-03 2.797484165057539940e-03 -2.600917825475335121e-03
-9.377438575029373169e-03 -7.392708677798509598e-03 4.148238338530063629e-03 7.009582594037055969e-03 -1.318886969238519669e-02
-1.112024411559104919e-01 -7.991744577884674072e-02 -4.206208884716033936e-02 2.303103916347026825e-02 -2.471683733165264130e-02
1.187216863036155701e-02 7.192343939095735550e-03 8.661906467750668526e-04 2.522724098525941372e-04 2.061532111838459969e-03
5.811884067952632904e-03 7.215053774416446686e-03 5.697029177099466324e-03 6.269689183682203293e-03 -1.900173490867018700e-03
7.295807008631527424e-04 7.346166530624032021e-04 1.596963993506506085e-04 -7.879232725827023387e-06 2.540918940212577581e-04
-2.286149188876152039e-03 3.691372112371027470e-04 2.301200758665800095e-03 1.149404561147093773e-03 -4.187605809420347214e-03
-2.322921995073556900e-03 9.860945865511894226e-04 1.688500517047941685e-03 2.727958490140736103e-04 -1.823895494453608990e-03
3.100456114069061186e-09 2.673115062634678907e-09 1.672583738177024770e-09 -6.815130126902602115e-10 9.342252527133609874e-10
-3.828480203083017841e-06 1.979947322979569435e-03 -4.449696571100503206e-04 8.793365559540688992e-04 8.463426493108272552e-04
-9.849658866301069793e-09 -1.066408739092139513e-08 -5.202355039812811555e-12 1.090019297045330404e-09 1.092507639910422768e-09
9.504530495973995130e-10 1.902530355479825630e-09 6.174068895026252335e-11 1.140172845026654613e-09 5.315312634479596454e-10
4.604417476766970769e-26 7.098766384940655411e-26 6.252396287133867437e-26 2.687109227405976591e-26 -5.918488105988532646e-26
6.692362376076177455e-12 -6.077320070796421447e-12 3.074331761387938400e-11 -3.735674963811774774e-11 3.712672877465017507e-11
-1.993572732317261398e-05 -6.113386189099401236e-05 -2.659006213434622623e-06 -3.226278749934863299e-06 -1.924299249367322773e-05
7.297738875422510318e-07 7.348377494054147974e-06 -1.888321094156708568e-06 -2.613198830658802763e-06 6.403174097613373306e-07
3.359506372362375259e-03 1.893014763481914997e-03 2.297095395624637604e-02 -8.432021713815629482e-04 -1.293270103633403778e-02
1.157033955678343773e-03 7.017783354967832565e-04 -1.252670481335371733e-04 -9.056035924004390836e-05 -6.215881439857184887e-04
1.735960125648361441e-10 3.330791198408178388e-10 -2.323412989779782833e-11 3.787961055934374599e-10 -2.012294914033319060e-10
-4.553541099738822595e-09 2.947723771740129450e-07 -2.263733307472648448e-07 1.049255882179522814e-08 2.619978367590647395e-08
-1.416702161805005744e-06 6.817729740760114510e-07 -2.320687372048269026e-06 -1.813499920899630524e-06 -2.273350673931417987e-06
7.322627119719982147e-03 3.828944871202111244e-03 -7.031620480120182037e-04 -6.611383287236094475e-05 3.152192104607820511e-03
-2.499954774975776672e-03 -6.227756966836750507e-04 4.910137504339218140e-04 -7.936584879644215107e-04 -3.092900151386857033e-04
2.774751931428909302e-02 5.678490735590457916e-03 -1.323120854794979095e-02 -1.002892153337597847e-03 1.551431789994239807e-02
1.659824306443624664e-06 6.339688525258679874e-07 4.372168973532097880e-07 1.099114001590351108e-06 1.612386597571457969e-07
1.143278554081916809e-02 4.966129548847675323e-03 6.729768589138984680e-03 -4.058137536048889160e-03 -4.839413333684206009e-03
1.065348697011359036e-04 6.027601557434536517e-05 6.001402289257384837e-05 2.563594716775696725e-05 2.083913386741187423e-05
2.588405460119247437e-02 1.987307518720626831e-02 8.247645571827888489e-03 -3.843927755951881409e-03 3.150261545670218766e-05
-3.273453621659427881e-04 -3.306093858554959297e-04 1.879418705357238650e-04 7.934234599815681577e-05 -1.456231257179751992e-04
-8.237436413764953613e-04 -1.110084820538759232e-03 4.624743087333627045e-05 2.895444631576538086e-04 2.742254291661083698e-04
2.437391085550189018e-04 -1.137938761530676857e-05 4.157857038080692291e-04 -2.052931376965716481e-04 -9.683120151748880744e-05
1.680428241002118739e-08 1.102813218523124306e-08 -1.440896912896505455e-08 8.368241211087479314e-09 1.509792846299262692e-09
9.777244180440902710e-03 1.405927911400794983e-02 -6.637414917349815369e-04 5.022962111979722977e-03 -1.609370810911059380e-03
4.545313771814107895e-03 3.881759243085980415e-03 5.620926385745406151e-04 -6.636770558543503284e-04 1.038148882798850536e-03
1.663822695263661444e-05 -1.314397377427667379e-05 -6.451230092352489009e-06 -1.246000374521827325e-05 -4.119708307825931115e-07
8.226318515269781528e-10 6.054294843238494650e-10 -1.835683549611388798e-10 6.331981466933811475e-11 -2.437422763623686706e-10
2.599537838250398636e-04 9.299668017774820328e-04 4.970447625964879990e-04 -1.443380373530089855e-03 4.325249174144119024e-04
-1.283639285247772932e-04 -4.657830140786245465e-05 3.055405977647751570e-05 7.490270218113437295e-05 -7.274572908499976620e-06
2.644337946549057961e-04 -1.835074217524379492e-04 -1.076483094948343933e-04 -6.343484710669144988e-05 -1.612272026250138879e-04
-1.145233109127730131e-04 1.441885542590171099e-04 1.102490132325328887e-04 -3.050363447982817888e-04 -1.934241445269435644e-04
8.327629620907828212e-05 3.282264224253594875e-04 2.178584109060466290e-04 -2.498554822523146868e-04 -1.869510742835700512e-04
-1.683332608081400394e-03 -2.151406835764646530e-03 3.440188011154532433e-04 -7.916982576716691256e-05 -5.765334935858845711e-04
5.173264071345329285e-03 2.808271907269954681e-03 -1.010197214782238007e-03 9.472233068663626909e-05 5.211676470935344696e-03
5.026423372328281403e-03 1.680271141231060028e-02 -1.024017110466957092e-02 1.347457244992256165e-02 7.853477261960506439e-03
7.836809381842613220e-03 9.332430548965930939e-03 -2.792660088744014502e-04 3.907952457666397095e-03 -5.074535729363560677e-04
-2.244849223643541336e-03 -8.121082209981977940e-04 -5.698140594176948071e-04 -7.652277126908302307e-04 -6.779300019843503833e-05
-1.367196440696716309e-02 -1.527532283216714859e-02 4.331788513809442520e-03 3.211079398170113564e-03 -8.470582775771617889e-03
-1.880949013866484165e-03 9.060266893357038498e-04 2.238173503428697586e-03 3.663939714897423983e-04 -1.044224132783710957e-03
-1.033639302477240562e-03 -9.329837630502879620e-04 -1.292399683734402061e-04 2.771375293377786875e-04 8.103008440230041742e-05
1.016754074953496456e-03 1.520629972219467163e-03 -1.543342252261936665e-03 3.384823678061366081e-03 5.038008093833923340e-03
-4.114118346478790045e-04 -5.161155131645500660e-04 -9.248894457414280623e-06 2.050340663117822260e-05 -2.814054314512759447e-04
-3.735385462641716003e-02 2.104268874973058701e-03 -2.431591041386127472e-03 -2.348673995584249496e-03 -1.902191899716854095e-02
-1.510848669568076730e-04 -1.232856448041275144e-04 7.207167072920128703e-06 -5.216717545408755541e-05 -5.333826265996322036e-05
2.162995404328079720e-15 -6.126943473141425057e-16 -6.177789272778324604e-16 -3.610112125317359744e-16 -3.850162056662616511e-16
4.011707846075296402e-03 3.635765751823782921e-03 -2.402523066848516464e-03 -3.165512578561902046e-03 1.486609573476016521e-03
-1.588743366301059723e-02 -9.182681329548358917e-03 -2.555861603468656540e-03 1.332184066995978355e-03 -1.308026956394314766e-03
4.120471887290477753e-03 1.815112074837088585e-03 -1.910154474899172783e-03 -1.042049960233271122e-03 1.064438372850418091e-03
1.461276318877935410e-03 1.508991466835141182e-03 -8.257060835603624582e-05 7.295454270206391811e-04 -3.262298123445361853e-04
1.360209076665341854e-03 7.652462227270007133e-04 -1.090818550437688828e-03 -3.996162558905780315e-05 8.550604106858372688e-04
1.053285133093595505e-02 1.343660801649093628e-02 5.469600670039653778e-03 -2.710100822150707245e-02 -9.321306832134723663e-03
2.028318122029304504e-04 2.228697412647306919e-04 -2.825244882842525840e-05 -6.143093924038112164e-05 -1.317767873842967674e-05
-4.069102928042411804e-03 -9.353604167699813843e-03 3.402665024623274803e-03 5.700953188352286816e-04 1.761102583259344101e-03
1.570522144902497530e-04 -3.303052835690323263e-06 2.003404551942367107e-05 1.626118501008022577e-05 2.280083936057053506e-05
1.877656031865626574e-04 4.402725971885956824e-05 5.242225961410440505e-05 1.061221773852594197e-04 7.928111881483346224e-05
7.757760613458231091e-06 4.177773462288314477e-06 1.643830728426109999e-06 1.758410917318542488e-06 3.422353074711281806e-06
3.462793385367035626e-09 1.881259370506427331e-09 -3.133100445751324514e-10 -1.128800525274087363e-10 -8.901464010335757848e-10
-7.421432528644800186e-04 -1.514645264251157641e-04 9.903748286888003349e-05 1.024187076836824417e-04 -5.515540833584964275e-04
-1.160598918795585632e-02 1.633110688999295235e-03 -8.019806817173957825e-03 -8.328986354172229767e-03 -3.721579210832715034e-03
-2.277450985275208950e-04 -7.718786946497857571e-05 3.267789434175938368e-04 5.831582893733866513e-05 -1.319292205153033137e-04
8.267701190334264538e-08 6.562370202800593688e-08 2.051398837465967517e-07 9.874210782356840355e-09 -1.186185656365523755e-07
-1.281129196286201477e-03 -5.227386136539280415e-04 2.096646639984101057e-04 -4.337170685175806284e-05 -2.991155779454857111e-04
-2.839491469785571098e-03 -1.442880486138164997e-03 -4.120161756873130798e-04 1.654988038353621960e-03 -1.736276550218462944e-03
-3.317916254241826124e-12 8.122607621230404362e-12 3.743229250868784774e-12 -9.445563255161548710e-12 -1.242161495190741149e-11
-4.489690531045198441e-03 -3.043281845748424530e-03 1.262284233234822750e-03 -5.649031139910221100e-03 -4.190959036350250244e-03
-5.877288083119121557e-35 5.877463144533672728e-35 -5.877394267911554235e-35 5.877224946215512938e-35 -5.877180750382986905e-35
-4.274465027265250683e-05 -5.840749945491552353e-04 1.330410887021571398e-04 -1.352595281787216663e-04 2.184952754760161042e-04
1.648071920499205589e-03 4.802547919098287821e-04 -1.021529082208871841e-03 -9.568631503498181701e-05 5.751437856815755367e-04
9.247463458450511098e-05 3.469826697255484760e-05 -3.486142759356880561e-06 -3.040510273422114551e-05 1.675010753388050944e-05
-3.508719382807612419e-04 1.133239944465458393e-03 -3.467543865554034710e-04 -2.589232753962278366e-04 5.260820616967976093e-04
7.758698484394699335e-05 1.304549950873479247e-04 -8.772815363045083359e-07 1.598494782228954136e-05 2.121836951118893921e-05
-4.561462998390197754e-02 -2.555073238909244537e-02 -3.205360844731330872e-03 1.117013208568096161e-02 1.308736298233270645e-02
1.556399045512080193e-03 2.699486911296844482e-03 3.636197652667760849e-04 -7.602358527947217226e-05 1.806896761991083622e-04
2.488067559897899628e-02 2.380877546966075897e-02 3.312244545668363571e-03 -1.013791002333164215e-02 4.159792792052030563e-03
3.704009810462594032e-03 1.834658323787152767e-03 -2.116875402862206101e-04 -4.203811695333570242e-04 1.490378286689519882e-03
