2.167134312912821770e-03 2.831925870850682259e-03 -1.356306136585772038e-03 2.453866414725780487e-03 -3.706859191879630089e-03
-2.413356803288024821e-08 -8.745295154710674979e-09 2.789364295097129798e-08 -6.523735329722057941e-09 1.517684289353837812e-08
-2.040502149611711502e-03 -1.499469857662916183e-03 7.185130380094051361e-03 1.284555904567241669e-02 2.410576306283473969e-02
-4.159800948144720678e-09 4.924128216288181648e-09 -3.207188514764425236e-09 5.347225995322446579e-10 -6.269040841999640179e-09
-2.781041930489773495e-14 8.316111877902307437e-15 5.148201201281288331e-14 -3.228899081702402141e-14 -8.907749144966385646e-15
-3.999644145369529724e-02 -6.538326852023601532e-03 1.665124855935573578e-02 -2.745596319437026978e-02 2.650663442909717560e-02
1.794665731722488999e-04 8.742418140172958374e-05 -5.464494461193680763e-05 2.458063827361911535e-04 1.222718565259128809e-04
-3.191481300746090710e-05 2.053370735666248947e-06 4.056811121699865907e-06 -5.075038643553853035e-05 -4.689603883889503777e-06
2.755746536422520876e-04 -9.936125570675358176e-05 2.971696376334875822e-04 9.827805479289963841e-05 4.081607330590486526e-04
7.347473729168996215e-05 -3.662111339508555830e-05 6.801845842119291774e-08 -2.281328124809078872e-05 1.267843617824837565e-04
1.351052150130271912e-02 1.779629848897457123e-02 -2.312284708023071289e-02 3.439629822969436646e-02 4.941767081618309021e-03
-1.594441023655690515e-08 2.140221688762267149e-08 4.901583494643091399e-08 -4.033906364497852337e-08 1.186437543765350711e-07
2.193639287725090981e-03 1.093155797570943832e-02 -9.408356621861457825e-03 1.401000563055276871e-02 -2.372093871235847473e-02
-7.718683686107397079e-03 -1.165973860770463943e-02 9.030708111822605133e-03 -2.291175909340381622e-02 -4.789728671312332153e-03
-1.502249022449200596e-25 1.166463968647022000e-24 8.924181275158343670e-25 -4.400226193239477037e-25 8.908767919146456626e-25
7.210558692349877674e-07 1.680844121665359125e-07 -7.187680921560968272e-07 1.567653669098945102e-07 -3.454114789747109171e-07
-1.196271367371082306e-02 -1.077612489461898804e-02 7.584203034639358521e-03 -1.793702505528926849e-02 -1.273843087255954742e-02
1.916159830632480077e-13 5.446286325573590492e-14 7.188629709943897272e-15 3.037493488070724945e-13 -1.401776643979862902e-13
-1.156669517099744605e-27 -1.388503719341346998e-27 -5.140204518462140788e-31 -9.232114670255321138e-28 -9.090448319112300086e-29
1.717319362796843052e-03 4.515898763202130795e-04 1.106303243432193995e-04 1.540476456284523010e-03 4.518611822277307510e-04
4.984514787793159485e-03 -6.298496737144887447e-04 4.436667077243328094e-03 1.291421614587306976e-02 2.943435683846473694e-03
-3.705840208567678928e-04 -3.040441544726490974e-03 3.436034079641103745e-03 -1.924163079820573330e-03 2.826141892001032829e-03
-8.141770958900451660e-04 -5.883079138584434986e-04 1.007131533697247505e-03 -3.028509381692856550e-04 1.846714148996397853e-04
3.700540401041507721e-03 2.929928945377469063e-03 -1.375378202646970749e-02 -4.457084462046623230e-02 -3.440243378281593323e-02
6.123564383429119795e-14 4.382287921759174532e-14 -8.495606968568145123e-14 2.960225313031021599e-14 -4.159455237380017822e-14
-5.433513782918453217e-03 -4.091089591383934021e-03 2.725947415456175804e-03 -8.442357182502746582e-03 -6.862926296889781952e-03
-8.152835071086883545e-04 -1.572101260535418987e-03 7.447163807228207588e-04 -4.647533642128109932e-04 2.155898109776899219e-04
1.908011422468991469e-11 1.083347994645933454e-11 7.526705495843055704e-13 1.763398801979398911e-11 -4.247256301000146284e-13
-4.117363598197698593e-03 1.406561117619276047e-02 -4.191553220152854919e-03 2.278880216181278229e-02 -1.175605040043592453e-02
-2.130557397173049594e-10 -1.795625870215644682e-10 5.814405623638663201e-10 -6.584465750414381091e-10 -1.724581588646856289e-10
1.019921386614441872e-03 6.612848956137895584e-04 -9.736674255691468716e-04 8.890091557987034321e-04 -1.316718640737235546e-03
1.671043214912515396e-08 -1.005909808782234904e-07 8.882519608732764027e-08 1.539293137398090039e-08 1.319117615139475674e-07
-3.524145085975760594e-06 -6.622186447202693671e-06 1.912072548293508589e-05 -9.319997843704186380e-06 5.418534783530049026e-05
-2.006307113333605230e-05 2.833358477801084518e-03 -2.690859138965606689e-03 -9.414048981852829456e-04 -1.134455855935811996e-02
3.296431532362475991e-05 8.161873665812890977e-06 -1.604290264367591590e-05 3.738939631148241460e-05 -3.319839015603065491e-05
-6.177294835651991889e-06 3.956812633987283334e-06 -7.172858659032499418e-06 -5.330168733053142205e-06 -3.357031528139486909e-05
-2.763396716315424939e-12 -1.971819062196455974e-11 3.393818559516148525e-11 -2.817357805384723690e-11 6.703806346847196451e-12
-1.150408643297851086e-03 3.440867585595697165e-04 -3.002356388606131077e-04 1.519092824310064316e-03 -1.750651863403618336e-03
1.163275446742773056e-03 2.387622371315956116e-04 -1.428457791917026043e-03 3.293470246717333794e-03 -4.693707887781783938e-05
-3.942269831895828247e-03 2.247595414519309998e-02 -3.501597419381141663e-02 5.053085740655660629e-03 -3.411022573709487915e-02
1.270433887839317322e-02 2.741609932854771614e-03 -7.418883033096790314e-03 8.302948117488995194e-06 7.817722856998443604e-03
-9.012038935907185078e-04 -1.136674429289996624e-03 2.120550721883773804e-03 -1.282551325857639313e-03 3.679804503917694092e-03
3.734830587159843063e-12 -1.418417293341800445e-11 2.341012800277653128e-11 -1.074308263876444514e-11 1.488740554445033837e-11
-2.696581032068934292e-05 4.290588913136161864e-05 -7.266634929692372680e-05 6.569427932845428586e-05 -6.044573092367500067e-05
4.682140424847602844e-04 1.541859004646539688e-03 -1.049269223585724831e-03 1.261681318283081055e-03 -4.782931879162788391e-03
-9.190569693963337989e-18 4.512105218944561637e-18 9.991613053520915095e-18 -7.790537555895899293e-18 -2.417716374799338271e-18
8.670521492604166269e-05 -2.239076711703091860e-04 5.204654298722743988e-04 -7.067838450893759727e-04 -1.424459242116427049e-05
1.505722358862565669e-13 3.702551774290713249e-13 -6.335819997989322605e-13 -6.858101190892681998e-14 -7.164255083277892844e-13
9.719661466078832746e-05 -5.771925498265773058e-05 8.640529267722740769e-05 1.036638423101976514e-05 1.530816953163594007e-04
-3.242631163580256271e-10 6.852014511338211378e-10 6.067910174323287720e-09 -8.606074075601100049e-09 -2.709498625463879762e-09
6.338477833196520805e-04 -3.538635501172393560e-04 6.750662578269839287e-04 3.230700967833399773e-04 1.320134149864315987e-03
-1.712879929982591420e-05 -4.258488388586556539e-06 -1.177575722977053374e-05 2.539968772907741368e-05 -3.237996133975684643e-05
2.011613702279646532e-07 8.905020365546079120e-08 -3.626279010404687142e-07 2.023289802366434742e-08 -2.210987304351874627e-07
-2.642343984916806221e-03 8.675153367221355438e-03 -9.449250996112823486e-03 1.455996301956474781e-03 -9.993625804781913757e-03
5.862794350832700729e-03 -1.494057709351181984e-03 4.060334467794746161e-04 -2.882765606045722961e-03 9.228331968188285828e-03
-2.403952237273188075e-07 -7.447758321177389007e-08 1.741299087143488578e-07 -2.090672523991088383e-07 1.344749023246549768e-07
-3.043950528081040829e-06 2.321697593288263306e-06 -3.738315172086004168e-06 7.618322683811129536e-07 -3.699033641169080511e-06
1.098034437745809555e-02 1.153305289335548878e-03 -1.519883167929947376e-03 1.145693752914667130e-02 -4.319135914556682110e-04
1.650349440751597285e-04 9.076995775103569031e-05 -3.611506836023181677e-04 -1.009587431326508522e-03 -1.406093651894479990e-04
7.150109857320785522e-03 7.339052390307188034e-04 -9.480486041866242886e-04 7.465248927474021912e-03 -4.165331483818590641e-04
3.451392985880374908e-04 -5.265695508569478989e-03 9.246421977877616882e-03 -4.283722955733537674e-03 3.041044436395168304e-02
6.135444709798321128e-05 -3.352983185322955251e-05 -5.844709448865614831e-06 -8.445775165455415845e-05 9.490079537499696016e-05
-4.720594733953475952e-04 1.262945588678121567e-03 -3.243571845814585686e-03 6.033900193870067596e-03 7.819536258466541767e-04
-1.459334875164586265e-10 -9.000399037173423267e-11 2.829539103021971869e-10 -9.795324273920158475e-11 1.163466128994983251e-10
-5.150953307747840881e-03 -4.286436364054679871e-03 3.170887241140007973e-03 -2.310922555625438690e-02 1.797935739159584045e-02
-2.213749716872825957e-08 -6.907942218248308563e-09 1.842036390087287145e-08 -1.306220198671326216e-08 -3.335353548905573007e-09
-5.955183587502688169e-05 3.447209383011795580e-05 -6.079032573325093836e-06 9.681001392891630530e-05 -6.918088911334052682e-05
2.330673451069742441e-04 2.302688226336613297e-04 -3.573680078261531889e-05 2.312868746230378747e-04 -1.347082434222102165e-04
-8.861164678819477558e-05 -3.948076482629403472e-05 1.144555571954697371e-04 -5.106402750243432820e-05 4.728638668893836439e-05
1.821818645112216473e-03 -1.545389095554128289e-04 4.586081486195325851e-04 -2.263416099594905972e-04 2.949824323877692223e-03
2.123720332747325301e-04 -5.038612289354205132e-04 -7.683403055125381798e-06 -3.079976420849561691e-03 4.207354213576763868e-04
2.317457692697644234e-03 -2.377846394665539265e-04 4.159108793828636408e-04 -2.357446064706891775e-04 1.170799601823091507e-03
-9.606214916857425123e-06 -8.696755685377866030e-06 1.808162596717011184e-05 -7.552442866654018871e-07 1.272200461244210601e-05
-5.583318852586671710e-06 4.083065505255945027e-06 -2.433892404951620847e-06 1.301962583966087550e-05 -1.542497375339735299e-05
3.760729741770774126e-04 3.877517010550945997e-04 -7.833196432329714298e-04 3.423457965254783630e-04 -5.009038140997290611e-04
1.829206297543350956e-08 -1.733576660001290293e-08 -6.374515137963499001e-09 2.955028932660752616e-08 1.201586385946029623e-08
3.619767667260020971e-04 -1.211526032420806587e-04 3.081512986682355404e-04 1.099308574339374900e-04 6.055331323295831680e-04
-1.732628623907217502e-11 1.089175798163477538e-11 2.703729601316595677e-11 -3.169379342304878833e-11 -2.118471370549102062e-11
3.936696157325059175e-04 2.444877463858574629e-04 -4.477649636100977659e-04 6.737278308719396591e-04 -6.575193401658907533e-05
6.352563104883302003e-06 1.284759346162900329e-04 -3.704949631355702877e-05 -3.943558840546756983e-05 -1.168990638689137995e-04
-5.704435807274421677e-06 -2.568244599387980998e-05 2.820738336595240980e-05 -5.505426088348031044e-05 7.991928214323706925e-06
-3.987102536484599113e-05 -1.434344740118831396e-04 2.849595621228218079e-04 1.483068772358819842e-04 4.050800343975424767e-04
8.112071081995964050e-04 1.040983479470014572e-03 -1.080366433598101139e-03 1.467030146159231663e-03 -1.703407266177237034e-03
-3.332645865157246590e-04 -7.387982914224267006e-04 6.085411878302693367e-04 -8.733032736927270889e-04 -1.189098693430423737e-04
2.455151407048106194e-03 4.013652913272380829e-03 -1.184884551912546158e-02 9.497902938164770603e-04 -9.837551042437553406e-03
1.710319047560915351e-04 6.712439790135249496e-05 6.028830466675572097e-05 1.780935417627915740e-04 5.732637364417314529e-04
-7.043473306111991405e-05 -6.769288447685539722e-04 4.408984386827796698e-05 2.197984606027603149e-03 -2.520006091799587011e-05
1.214205622090958059e-05 4.646582237910479307e-05 -5.655916538671590388e-05 1.455113088013604283e-04 -4.658158559323055670e-06
-5.297232884913682938e-03 9.046055376529693604e-03 -1.317079924046993256e-02 1.126534398645162582e-02 -3.918028995394706726e-02
-5.595548469017330717e-09 3.960257122237464955e-10 2.888537631307031006e-09 -4.971727030067540909e-09 1.356534190533054129e-10
1.064626872539520264e-02 -2.583623165264725685e-03 9.941644966602325439e-04 -5.412320140749216080e-03 1.707407459616661072e-02
8.211182430386543274e-03 -1.571113010868430138e-03 1.388898584991693497e-03 1.741205109283328056e-03 4.592610057443380356e-03
5.635973066091537476e-03 -1.836628362070769072e-04 5.587922874838113785e-03 4.139439668506383896e-03 1.033761538565158844e-02
4.057607729919254780e-04 1.491890870966017246e-04 1.404017821187153459e-04 -1.614407519809901714e-03 3.267786523792892694e-04
-1.604508579475805163e-04 -8.692224946571514010e-05 5.525098458747379482e-05 -2.525844902265816927e-04 -1.977280917344614863e-04
8.636580314487218857e-04 9.666589321568608284e-04 -5.695330910384654999e-04 1.881781034171581268e-03 -3.700791625306010246e-03
-4.264102876186370850e-02 -5.945032928138971329e-03 3.014014847576618195e-02 -1.950072124600410461e-02 2.801091410219669342e-02
3.670006208267295733e-06 -1.954221261257771403e-06 1.270347456738818437e-05 4.548536196580243995e-07 5.240746395429596305e-05
2.322385320439934731e-03 -1.323353615589439869e-03 -1.702811132417991757e-04 -2.123828016920015216e-04 8.904398418962955475e-04
6.632976390363864994e-10 -4.168443812346822597e-09 5.179539019906087560e-09 -8.963778164172708784e-09 -1.757730488938236135e-10
1.644489384489133954e-04 -2.985737053677439690e-03 5.913816392421722412e-03 -4.629539325833320618e-03 7.448875112459063530e-04
-1.423377489118138328e-05 -6.742066034348681569e-06 1.801240796339698136e-05 -7.574800747534027323e-06 7.685719538130797446e-06
-1.131784301833249629e-04 -3.836682662949897349e-05 3.703103720908984542e-05 -7.376779103651642799e-05 -6.482207390945404768e-05
2.524362753320019692e-05 2.807855526043567806e-05 -1.877364557003602386e-04 4.660356789827346802e-04 -2.186515848734416068e-05
-1.419089268893003464e-02 9.976114146411418915e-03 -5.777809419669210911e-04 -4.622389562427997589e-03 2.542778477072715759e-02
2.869401650968939066e-04 4.276888648746535182e-05 -1.107377684093080461e-04 3.303423291072249413e-04 -8.833908214000985026e-05
3.676167068533686688e-07 9.031450076690816786e-08 -8.741441348547596135e-08 3.342063905620307196e-07 -2.501413405298080761e-07
4.271550278645008802e-04 3.827032051049172878e-04 -4.353078547865152359e-04 1.636011584196239710e-04 -3.403472946956753731e-04
7.013042340986430645e-04 7.398648886010050774e-04 -1.292212633416056633e-03 9.359278483316302299e-04 -7.220602128654718399e-04
-3.857522038742899895e-03 -1.735650817863643169e-03 -4.607631999533623457e-04 -2.950319787487387657e-03 -2.010197611525654793e-03
-8.587581105530261993e-03 -2.470893552526831627e-03 2.415754832327365875e-03 -8.221999742090702057e-03 5.721609573811292648e-03
3.625435431097945318e-18 -5.742508049181210363e-19 -4.142868182016776290e-19 4.144263790806518102e-18 1.562052314840929934e-18
-6.522994954138994217e-03 3.644750919193029404e-03 -2.088336041197180748e-04 8.596508414484560490e-04 1.087684929370880127e-02
3.185832465533167124e-04 -2.291515193064697087e-05 4.960091973771341145e-05 -6.225103861652314663e-04 2.532505604904145002e-04
6.967454100959002972e-04 -4.222962015774101019e-04 -8.230718667618930340e-04 -9.420033544301986694e-03 1.379451714456081390e-03
-4.895561869489029050e-05 -5.043647252023220062e-05 6.057649079593829811e-05 -1.883235381683334708e-04 3.235167532693594694e-04
6.871597841382026672e-03 5.916627123951911926e-03 -1.056578289717435837e-02 5.115421488881111145e-03 -4.627245943993330002e-03
1.552740018814802170e-02 1.165575440973043442e-02 -1.063722837716341019e-02 1.633611693978309631e-02 -1.183237601071596146e-02
3.862190715153701603e-05 -3.294394900876795873e-06 -4.075923789059743285e-05 2.352440060349181294e-05 -8.615129627287387848e-05
-2.217090129852294922e-02 -1.204169355332851410e-02 1.086405664682388306e-02 -3.316739946603775024e-02 -8.063802495598793030e-03
-7.439571782015264034e-04 -4.407389787957072258e-04 9.290878369938582182e-05 -1.211868831887841225e-03 3.536573494784533978e-04
