1.491680834442377090e-02 1.665588497417047620e-04 1.484535727649927139e-02 -4.654469434171915054e-03 -4.590339027345180511e-03 1.037928089499473572e-02 -4.942425526678562164e-03 -2.387764863669872284e-02 -9.847908280789852142e-03 -3.358240239322185516e-03 2.213492058217525482e-03 1.637215260416269302e-03 -1.424778893124312162e-04 -1.545829139649868011e-02 1.129816845059394836e-02 3.764104563742876053e-03 -3.074905369430780411e-03 6.874263286590576172e-03 1.928900834172964096e-03 2.623098436743021011e-03
-1.135644121189870949e-17 9.803098591920080088e-18 2.451857634197005073e-18 -1.193520956033471231e-17 -8.131774270594823231e-19 -5.592194235834146141e-18 2.921305379287693487e-18 2.393364384360930274e-18 7.943082895740478445e-18 1.234374165716546439e-17 -1.234950545167373388e-17 8.168474723410152532e-18 1.241949547804853008e-18 8.583555609150486925e-18 1.216213063816184381e-18 1.234186892025864433e-17 2.090963049788940860e-19 2.002110798056703835e-19 2.360841958781060375e-17 5.158502199901674902e-18
-1.163346786051988602e-02 -8.988098241388797760e-03 -1.974533777683973312e-03 -1.508343219757080078e-02 -4.319822881370782852e-03 -1.158867217600345612e-02 8.713996503502130508e-04 1.534189935773611069e-02 2.265506610274314880e-02 8.942701853811740875e-03 1.967502012848854065e-02 1.593227498233318329e-02 1.550565101206302643e-02 -2.083751559257507324e-02 -4.937672056257724762e-03 7.415679749101400375e-03 5.720418412238359451e-03 -2.674286440014839172e-02 -3.141764178872108459e-02 -2.896479330956935883e-02
-3.616578657118405038e-27 -1.128692322428908429e-25 1.629290880411485560e-25 -3.791631837775044744e-25 1.610704331408346996e-25 4.950397510063241195e-25 -3.298142395662706218e-25 -2.105891057062075105e-25 -1.322179811178442777e-25 -2.532684035271207254e-25 3.371786258950580894e-25 -3.540684090467761218e-25 6.117421569952970114e-26 8.145297611495631053e-26 -3.014828671490336104e-25 -1.761186081833626359e-25 -2.963562819931318481e-25 1.836718404172890273e-25 4.432287472579922009e-25 3.404353148827465958e-25
-9.920620097983445795e-13 -6.966876077776906762e-13 4.580174672690062732e-13 1.422156880107050547e-12 -8.433267647579845150e-13 1.139022686932888995e-12 7.932848713858298151e-13 8.359375474817354323e-13 2.263280166579784147e-13 -4.687511771968300156e-13 -6.642072959348044314e-13 3.014345229587073183e-13 2.089136155736248668e-12 4.656308433444167338e-13 2.100139723584804052e-13 -5.451172824764982661e-13 1.032747997363470116e-12 -1.679775784614589984e-12 -6.707592380833515833e-13 7.891238660781563219e-13
-5.875556264072656631e-03 5.071772728115320206e-03 2.216764353215694427e-02 4.009527619928121567e-03 6.818383932113647461e-03 5.940959672443568707e-04 8.359439671039581299e-03 1.740931533277034760e-02 -5.935963708907365799e-04 1.135661825537681580e-02 -2.056853612884879112e-03 3.606220940127968788e-03 -3.926417324692010880e-03 8.308672346174716949e-03 1.189901027828454971e-02 -4.723149817436933517e-03 7.110751233994960785e-03 5.907866638153791428e-03 1.836421317420899868e-03 8.679199963808059692e-03
-1.547409169688762631e-06 3.263371354478294961e-06 5.604405032499926165e-06 7.368517799477558583e-06 -2.758927394097554497e-06 -1.158159193437313661e-05 -2.267984882564633153e-06 -6.950776878511533141e-06 4.463260665943380445e-06 5.584623750110040419e-07 7.817430741852149367e-06 -1.227656412083888426e-06 1.639289052945969161e-06 -9.140625820691639092e-07 -2.585516540420940146e-06 1.076799708243925124e-05 7.398095476673915982e-06 5.287988642521668226e-07 1.022468586597824469e-05 2.825045442023110809e-07
5.256627559901971836e-07 -7.122142733351211064e-07 -4.307800907099590404e-07 -6.162139243315323256e-07 -1.818899519889782823e-08 1.702137097936429200e-07 1.091059047553244454e-07 2.664526448370452272e-07 -5.083368819214229006e-07 5.668746325682150200e-07 1.016300302580930293e-06 -1.070588268703431822e-06 -1.279900061490479857e-07 -6.183162213346804492e-07 1.001718032966891769e-06 -1.150739080912899226e-06 8.327887144332635216e-07 2.676592458783488837e-08 -7.529812933171342593e-07 1.520402747701155022e-06
-1.911724893943755887e-06 2.483930302332737483e-06 -2.175563480477649136e-07 -6.121902060840511695e-06 1.084266386897070333e-06 1.899405901895079296e-06 -3.132197207378339954e-06 3.183036596965393983e-06 -1.083968527382239699e-05 -8.228708381352589640e-09 -6.944655979168601334e-07 -2.023613433266291395e-06 -1.180257004307350144e-05 -3.304476649645948783e-06 -3.200035507688880898e-07 -3.532668415573425591e-06 9.729885732667753473e-07 -2.273823838550015353e-06 -2.651579961820971221e-06 -2.271027824463089928e-06
-9.851503079971735133e-08 2.489905170932615874e-07 7.468372587027261034e-08 -2.521822750622959575e-08 -1.138237522013696434e-07 -9.215259666461861343e-08 2.258138209754179115e-08 9.021962910082947928e-08 1.086203553768427810e-07 2.308722457655676408e-07 1.082064642332625226e-07 1.400773612658667844e-07 -7.151159309159993427e-08 1.140049832315526146e-07 -7.691918568752953433e-08 -7.223167131087393500e-08 8.043493693321579485e-08 -2.225861237548087956e-07 -1.244097944663735689e-07 -7.468161555834740284e-08
-9.789654286578297615e-04 -3.334556519985198975e-02 -3.267945023253560066e-03 2.998537942767143250e-02 1.926482282578945160e-02 -2.978413552045822144e-02 -1.456673163920640945e-02 3.748101182281970978e-03 1.432471349835395813e-02 -9.385669603943824768e-03 1.803430356085300446e-02 1.258250325918197632e-02 1.322085876017808914e-02 -1.920716091990470886e-02 2.305679768323898315e-02 -6.572838872671127319e-03 -1.354091987013816833e-02 -7.654257584363222122e-03 -1.522136759012937546e-02 1.897432521218433976e-04
-3.441724766162224114e-05 2.968004991998896003e-05 -3.268862565164454281e-05 1.021648131427355111e-04 -1.010187188512645662e-04 -1.675943640293553472e-04 -9.763224079506471753e-05 6.917380960658192635e-05 -1.577528018970042467e-04 -1.604635035619139671e-04 -1.959857763722538948e-04 2.355662436457350850e-04 -3.966277290601283312e-05 -5.398456050897948444e-05 -1.671220525167882442e-04 -7.076953625073656440e-05 2.006859722314402461e-04 -1.420460175722837448e-04 -5.955990127404220402e-05 2.314132143510505557e-04
-2.764086704701185226e-03 -5.825320258736610413e-03 -1.106523163616657257e-02 7.415052503347396851e-03 -1.395691558718681335e-02 -1.324092224240303040e-02 -1.459464989602565765e-02 -6.349592003971338272e-03 -2.264086343348026276e-02 -2.196189947426319122e-02 -5.611342377960681915e-03 -2.824689261615276337e-03 1.210417319089174271e-02 6.907695205882191658e-04 -2.162076905369758606e-02 3.539156913757324219e-02 1.282918732613325119e-03 -1.564393378794193268e-02 2.662774547934532166e-02 -2.577747590839862823e-02
-1.992666395381093025e-03 4.993598442524671555e-03 3.288100939244031906e-03 -2.594057470560073853e-03 -3.054759232327342033e-03 2.175560221076011658e-03 1.812764676287770271e-03 -1.960332039743661880e-03 -2.112240763381123543e-03 1.286560785956680775e-03 -6.846151314675807953e-03 -7.796010468155145645e-04 -6.251082755625247955e-03 3.724043723195791245e-03 -4.264371469616889954e-03 -2.438488882035017014e-03 -1.522102742455899715e-03 -2.748870057985186577e-03 2.340856473892927170e-03 -2.411642344668507576e-03
-1.562006073072552681e-04 6.857010885141789913e-05 3.935206768801435828e-05 -1.049316924763843417e-04 -2.075421507470309734e-04 -7.973704487085342407e-05 9.448812488699331880e-05 -1.989352458622306585e-04 -1.103722315747290850e-04 -1.300570056628203019e-05 -6.693613249808549881e-05 1.008161198114976287e-04 -1.565572347317356616e-07 -1.268845662707462907e-04 -1.232321665156632662e-04 -2.807733289955649525e-05 3.062894102185964584e-04 -2.714575384743511677e-04 -3.309164821985177696e-05 9.237996709998697042e-05
5.548871587961912155e-03 -1.133514218963682652e-03 -3.381348142283968627e-05 -4.524975956883281469e-04 7.193061523139476776e-03 -1.459677587263286114e-03 -7.170423865318298340e-03 -1.912866951897740364e-03 -3.234908217564225197e-03 -9.672435931861400604e-03 -6.604760885238647461e-03 4.686196916736662388e-05 1.656697015278041363e-03 -3.869673702865839005e-03 -1.010731328278779984e-03 -6.172767374664545059e-03 1.500261831097304821e-03 5.565213039517402649e-03 -4.275432322174310684e-03 2.317801117897033691e-03
3.654433181509375572e-03 6.791729829274117947e-04 1.817574375309050083e-03 -1.543668680824339390e-03 8.401600643992424011e-04 -2.823499264195561409e-03 7.293280679732561111e-03 2.482199342921376228e-03 4.227221943438053131e-03 1.894095796160399914e-03 6.852596532553434372e-03 -3.208314301446080208e-03 7.351178210228681564e-03 -5.936984671279788017e-04 1.314316643401980400e-03 1.218209881335496902e-02 -5.725340452045202255e-03 2.768374048173427582e-03 1.989074517041444778e-03 -1.880443771369755268e-03
-2.838256421000551200e-07 3.427776675835048081e-07 -1.212606974831942352e-07 -1.859912970303412294e-07 -4.344919943832792342e-07 1.328130991851139697e-07 7.207725616353855003e-07 -7.902830247985548340e-07 -3.173550169321970316e-07 -2.078070906463835854e-07 1.192729968124695006e-07 -1.928875974499533186e-07 1.642765141696145292e-07 -1.380355740820959909e-07 3.481517651948706771e-08 -5.253575068309146445e-07 1.452526561251943349e-07 -7.366575971445854520e-08 -2.535645080570247956e-07 4.691406729762093164e-08
-8.884274392551017030e-12 5.037913142214023310e-11 -4.094386288344686875e-11 4.476524359531275365e-11 5.960120092775300638e-13 -1.904198847213489643e-11 -1.994796255261332973e-12 -3.496757050580612258e-11 -5.424422022670682964e-11 -3.841336276844131703e-11 -2.470834821466372233e-11 1.348993139416165832e-10 -5.441245023996010843e-11 -3.106383553164171474e-11 -1.360041940179357312e-10 2.704150445231867650e-11 6.681874498148943076e-11 -1.546844249911139002e-11 -3.699190953554420958e-11 -2.370178185662208392e-11
3.979492013694851948e-10 9.574400161582730107e-10 1.206879041149022669e-10 9.914022380819176306e-11 2.279495037171841432e-09 1.324061305041368541e-09 -1.362463614151820934e-10 -1.319969800128717452e-09 -1.748787448185851190e-09 -3.215304911208249905e-09 -5.581306528057439209e-10 -5.168635519581243898e-10 1.226272083876267516e-09 -4.868381253686493437e-10 6.029622114100963159e-12 1.794213111416809170e-10 1.227440815654290418e-09 -1.400763838255159044e-09 1.230124557771716809e-09 -1.876513666676515868e-10
9.296225383877754211e-03 -1.670585386455059052e-02 4.153071437031030655e-03 -5.081663839519023895e-03 9.648834355175495148e-03 1.096811518073081970e-02 -2.798638772219419479e-03 -1.089149247854948044e-02 2.779165282845497131e-03 -3.093180432915687561e-02 -1.780575513839721680e-02 2.136226044967770576e-03 1.879595965147018433e-02 -2.300091832876205444e-02 3.320822725072503090e-03 -2.091441303491592407e-03 5.389282014220952988e-03 7.465735543519258499e-03 -1.300345081835985184e-02 1.217944431118667126e-03
1.308232196606695652e-03 8.804200333543121815e-04 -7.083726581186056137e-03 1.481803832575678825e-03 -3.770709154196083546e-04 3.864487007376737893e-05 -1.072157290764153004e-03 2.100129146128892899e-03 2.803809475153684616e-03 2.221212023869156837e-03 4.710261244326829910e-03 -1.771428505890071392e-03 2.216710243374109268e-03 -7.256843964569270611e-04 1.304159231949597597e-04 1.551581313833594322e-03 -1.392234931699931622e-03 9.766550501808524132e-04 -6.272870581597089767e-03 -7.583652157336473465e-03
-2.304175359313376248e-05 -2.847027644747868180e-05 -2.606839007057715207e-05 3.031061532965395600e-05 -7.341146556427702308e-05 -5.109382982482202351e-05 -2.365270484006032348e-05 -3.176701284246519208e-05 -3.701536843436770141e-05 -1.362993589282268658e-05 5.580557990469969809e-05 2.110611239913851023e-05 3.961856054957024753e-05 4.679544872487895191e-06 5.201203384785912931e-05 6.034099351381883025e-05 4.763554170494899154e-05 -4.720756624010391533e-05 -7.289899804163724184e-05 -7.643197022844105959e-06
-1.387461088597774506e-03 6.925976276397705078e-02 1.408410491421818733e-03 1.759339123964309692e-02 -1.798786222934722900e-02 -1.827671937644481659e-02 5.627820268273353577e-02 -2.080705016851425171e-03 5.666202306747436523e-02 1.049634814262390137e-01 1.697274297475814819e-02 2.196610160171985626e-02 -7.586061023175716400e-03 2.958474867045879364e-02 -2.274200133979320526e-02 7.850927859544754028e-02 1.138402614742517471e-02 -6.564293801784515381e-02 -7.857155054807662964e-03 -4.244508594274520874e-02
-2.265271348278474761e-07 -8.554281549777442706e-08 8.580166621641183156e-08 -3.042894149984931573e-07 2.400201708496751962e-07 -4.262331643190009345e-08 -2.905198641656170366e-07 1.579854398414681782e-07 -1.299360263828930329e-07 -1.420427224729792215e-07 -7.362595511040126439e-08 1.565345399967554840e-07 -9.269827216940029757e-08 5.897631893958532601e-08 -1.193280319000677991e-08 -3.856853538763971301e-07 -5.609744846424291609e-08 1.597369987393904012e-07 -2.658335063188133063e-07 -1.504786837358551566e-07
3.404288436286151409e-04 -1.199965365231037140e-03 -2.250324701890349388e-03 6.490430096164345741e-04 5.226327921263873577e-04 1.456792582757771015e-03 -3.951280668843537569e-04 1.281020086025819182e-04 -4.619073297362774611e-04 3.541549376677721739e-04 1.508414628915488720e-03 -7.457839092239737511e-04 2.894234145060181618e-03 -3.219165606424212456e-03 1.710694865323603153e-03 7.759419386275112629e-04 -4.592181649059057236e-04 -2.447759034112095833e-03 -3.557817544788122177e-03 -2.660635160282254219e-03
5.864680861122906208e-04 3.205997636541724205e-03 -2.882157219573855400e-03 1.983802532777190208e-03 -4.976061754859983921e-04 -7.774435915052890778e-03 -1.625573448836803436e-02 1.388646382838487625e-02 6.622353103011846542e-04 -9.684991091489791870e-04 1.707233488559722900e-02 -3.955837804824113846e-03 -7.343166042119264603e-03 -1.131934672594070435e-02 2.314998768270015717e-03 -6.627839524298906326e-03 -6.256103049963712692e-03 -5.211818497627973557e-03 5.920717027038335800e-03 1.939721871167421341e-03
8.573601007810793817e-06 1.786586290108971298e-05 -8.286513912025839090e-05 -1.347327925032004714e-04 6.439946446334943175e-05 -6.140699406387284398e-05 4.908019400318153203e-05 1.854859692684840411e-05 3.621060750447213650e-05 -6.179817137308418751e-05 -9.981270522985141724e-06 8.488795720040798187e-05 9.722891263663768768e-06 -1.521811554994201288e-05 2.366216904192697257e-05 -3.406175164855085313e-05 -1.879340998129919171e-04 -1.101594193642085884e-06 -8.892610640032216907e-05 -3.389170888112857938e-05
-6.420897785574197769e-03 -9.882918559014797211e-03 2.683392912149429321e-02 3.891717642545700073e-03 4.322391748428344727e-02 -1.859712414443492889e-02 -3.035113587975502014e-02 -3.717168048024177551e-02 -1.687085628509521484e-02 -2.990411408245563507e-02 -2.341586723923683167e-02 -1.291601918637752533e-03 1.832837238907814026e-02 -2.773892134428024292e-02 -6.089058239012956619e-03 -2.905319817364215851e-02 8.257622830569744110e-03 1.373691577464342117e-02 1.848147367127239704e-03 -1.417742948979139328e-02
-8.810237886791583151e-06 -7.403934318972460460e-07 7.428094477290869690e-07 -1.865237209131009877e-06 1.110136054194299504e-05 -1.910103128466289490e-05 -1.097384847525972873e-05 -7.678934707655571401e-06 -9.400405076576134888e-08 2.145755024685058743e-05 5.967155175312655047e-06 -1.255855295312358066e-06 2.231203325209207833e-06 -3.618001755967270583e-06 -1.493981130806787405e-06 3.631594381658942439e-06 -7.305183771677548066e-06 1.621402589080389589e-05 -2.663157374627189711e-06 7.233632913994370028e-06
1.155532314442098141e-03 -2.225455828011035919e-04 1.072361366823315620e-03 8.693044655956327915e-04 -2.078980207443237305e-03 -1.663129194639623165e-03 -9.445319883525371552e-04 -1.222312566824257374e-04 1.914983266033232212e-03 8.429439621977508068e-04 -3.963035065680742264e-03 1.161596155725419521e-04 -2.249859040603041649e-03 -8.442910038866102695e-04 -1.750401104800403118e-03 9.463951573707163334e-04 -2.282581262988969684e-04 1.971797319129109383e-03 1.700314460322260857e-03 1.552817295305430889e-03
-1.228566816280363128e-06 3.455771491189807421e-08 3.195616500306641683e-07 1.552995286147051957e-06 -1.740238104730451596e-07 7.897380669419362675e-07 1.220209444596775938e-08 7.596485147587372921e-07 1.871553195087471977e-06 8.278796599370252807e-07 -1.368557747127852053e-07 -1.024155608320143074e-06 -1.201962504637776874e-06 -3.543150796758709475e-06 -8.796102406449790578e-07 2.110467903548851609e-06 -2.403781081738998182e-06 4.508096562716445987e-09 -9.853661140368785709e-07 4.884308850705565419e-07
2.107869295286945999e-05 7.263080533448373899e-06 -1.234222327184397727e-05 1.916053861350519583e-06 6.739466243743663654e-06 2.378474619035841897e-06 -2.882321723518543877e-06 5.330988642526790500e-06 2.167213824577629566e-05 -5.844338829774642363e-06 4.635039658751338720e-06 1.355833774141501635e-06 -2.227434197266120464e-05 5.659103862853953615e-06 2.236663760868395912e-07 1.368266930512618273e-05 -1.918083580676466227e-05 -8.580416761105880141e-06 -1.905053613882046193e-05 -3.100560661550844088e-06
3.950624959543347359e-04 -1.903020660392940044e-03 5.615063710138201714e-04 3.659868889371864498e-05 -1.781499013304710388e-03 -6.103583727963268757e-04 1.527066488051787019e-04 9.453459060750901699e-04 -1.361156115308403969e-03 -8.708093082532286644e-04 1.288144499994814396e-03 1.348575169686228037e-04 3.304296405985951424e-04 1.102634923881851137e-04 -2.655108924955129623e-03 1.135341124609112740e-03 1.823590835556387901e-03 1.453091506846249104e-03 2.718193689361214638e-03 -3.628272097557783127e-04
6.076316822145599872e-06 -3.820319761871360242e-05 4.140140299568884075e-05 2.516297718102578074e-05 2.100238270941190422e-05 -1.132785669710756338e-07 -5.087081808596849442e-05 4.488904596655629575e-05 4.440663815330481157e-06 -6.234474858501926064e-05 -5.643256372422911227e-05 1.719797182886395603e-06 9.529111594019923359e-06 -4.119831646676175296e-05 9.746839168656151742e-06 -3.020309850398916751e-05 -4.710709163191495463e-06 2.647850487846881151e-05 4.272024852980393916e-06 2.106716692651389167e-06
-8.261973969638347626e-03 -8.821198716759681702e-03 1.816651411354541779e-02 -1.569792442023754120e-02 1.021180860698223114e-02 1.568806543946266174e-02 -7.188926450908184052e-03 4.976003896445035934e-03 -5.800436716526746750e-03 4.843968432396650314e-03 -1.169188227504491806e-02 -1.477297302335500717e-02 4.993585869669914246e-03 1.972488127648830414e-02 9.867955930531024933e-03 -2.346081659197807312e-03 6.232185754925012589e-03 -7.561921956948935986e-04 -1.317386515438556671e-02 2.793525531888008118e-02
6.869942299090325832e-04 2.109184424625709653e-04 6.222520460141822696e-05 -1.631363120395690203e-04 -6.939867307664826512e-05 1.790087299013976008e-05 -3.671133308671414852e-04 -6.066052592359483242e-04 1.089825062081217766e-03 1.427716488251462579e-04 5.933889769949018955e-04 -6.955924327485263348e-04 1.987332507269456983e-04 -6.493179826065897942e-04 -7.057053153403103352e-04 1.503359380876645446e-04 -7.874929578974843025e-04 1.210192203870974481e-04 7.918503979453817010e-05 -1.667494507273659110e-04
-1.560367527417838573e-03 -1.764257089234888554e-03 3.862804442178457975e-04 -1.717963750706985593e-04 1.557155628688633442e-04 -4.072074807481840253e-05 -1.608535065315663815e-03 -6.553662242367863655e-04 -5.953793297521770000e-04 -1.084814663045108318e-03 -6.226876284927129745e-04 -6.228386191651225090e-04 -8.857317734509706497e-04 -1.039338167174719274e-04 1.933549065142869949e-04 -4.601319669745862484e-04 -8.513523498550057411e-04 1.327133504673838615e-03 6.388937472365796566e-04 1.085146446712315083e-03
4.997227340936660767e-03 3.425067989155650139e-03 -8.512564934790134430e-03 4.447247833013534546e-03 8.114363881759345531e-04 7.879905402660369873e-03 -3.126914147287607193e-03 3.605968784540891647e-03 4.270629957318305969e-03 2.710215747356414795e-03 5.981271388009190559e-04 1.009374973364174366e-03 -1.627486781217157841e-04 -2.720338758081197739e-03 4.714147187769412994e-03 -1.188719994388520718e-03 2.477345289662480354e-03 3.526352113112807274e-03 -5.245047505013644695e-04 -1.143634552136063576e-03
-4.178852541372179985e-04 -6.497389078140258789e-02 -1.395613513886928558e-02 -3.721940796822309494e-03 4.025876987725496292e-03 -5.903450399637222290e-02 -3.776990249752998352e-02 -3.054849617183208466e-02 -5.636420845985412598e-02 1.266046427190303802e-03 3.191593661904335022e-02 -3.384916111826896667e-02 1.064272783696651459e-02 3.251936752349138260e-03 4.973819106817245483e-02 -3.804292902350425720e-02 2.898823283612728119e-02 2.778739482164382935e-02 -8.756303228437900543e-03 4.047822579741477966e-02
4.776255082106217742e-06 3.447462177064153366e-06 5.034374680690234527e-06 -3.054472699659527279e-06 -4.524001440131542040e-07 8.328864282702852506e-07 3.992255187768023461e-06 -2.877274027923704125e-06 4.899608939012978226e-06 4.979145160177722573e-06 4.030806394439423457e-06 1.541139795335766394e-06 1.146082354352984112e-06 2.905027940869331360e-06 -2.821630232574534602e-06 5.359513579605845734e-06 -4.863704248236899730e-07 -4.808588982996298000e-06 9.650680112827103585e-07 6.486721986220800318e-07
-4.812638740986585617e-03 1.044755568727850914e-03 1.084927702322602272e-03 7.044098339974880219e-03 -2.569530159235000610e-03 -1.787089393474161625e-03 3.943796735256910324e-03 5.918828770518302917e-03 2.254110528156161308e-03 -6.254509557038545609e-03 -8.322305977344512939e-03 1.946297707036137581e-03 5.436763167381286621e-03 5.513521609827876091e-04 -4.572143778204917908e-03 -6.957194302231073380e-03 6.874718237668275833e-03 -2.477608388289809227e-03 -9.483600035309791565e-03 -3.879971103742718697e-03
-9.257404345592960826e-15 -3.690807577773737649e-15 -4.098905934178491417e-15 2.578221754742215238e-15 -6.993363204613363415e-15 -3.135497859751501873e-15 -5.650444559267926367e-16 2.604864540823388815e-15 -2.583915721971895459e-15 -1.166865176599235672e-16 2.063455692256780175e-15 4.572593016304461050e-15 2.620534226831119744e-15 -6.882114109079220422e-16 -9.607138743800104283e-16 -9.818593319302088701e-15 -1.055280126622387942e-15 -7.884653835119937761e-17 4.787162873107328378e-17 -4.524883462033888956e-15
1.920136310218367726e-05 -1.390193574479781091e-05 -1.072319173545110971e-05 -1.508585955889429897e-05 1.411750963598024100e-05 -5.975314707029610872e-06 2.235927695437567309e-06 1.343459007330238819e-05 -1.710497235762886703e-05 3.541409796525840648e-07 -7.190215910668484867e-06 -2.777190275082830340e-05 -2.177650821977294981e-05 2.203705889769480564e-06 1.236472689924994484e-05 -1.650990270718466491e-05 6.934845259820576757e-06 1.045288718160009012e-05 -1.220853118866216391e-05 -7.516283858421957120e-06
2.001559914788231254e-05 -8.245802018791437149e-04 -1.195660908706486225e-03 -1.077667577192187309e-03 -1.414737198501825333e-03 8.894705679267644882e-04 -1.073984778486192226e-03 5.655456334352493286e-04 -1.742346212267875671e-03 -1.023096963763237000e-03 9.256578050553798676e-04 9.838081896305084229e-04 -8.938261307775974274e-04 3.379139525350183249e-04 -1.169589348137378693e-03 -1.126244780607521534e-03 -1.622297335416078568e-03 -2.906515146605670452e-04 1.253689406439661980e-04 -5.563346785493195057e-04
1.502640683593865073e-16 1.936324993659415067e-16 1.059041588182907476e-16 -1.475632376326171664e-16 4.091734529730562883e-16 2.673016944108367828e-17 -1.535383139216674078e-16 -1.554682255524271277e-16 7.691086292593138818e-17 2.436189311382923632e-16 -3.077052586390955149e-16 7.283093682957893829e-17 1.892600623526556050e-16 2.317853249997781518e-16 -1.407934918242193753e-18 -5.996492987725974329e-17 -7.858313095693799147e-17 -1.620675254189343859e-16 -1.184262836289144975e-16 1.327555399976154964e-16
2.099139802157878876e-02 -6.136411102488636971e-04 2.595908194780349731e-02 -6.603391375392675400e-03 -2.024124190211296082e-02 -1.985811861231923103e-03 6.744503974914550781e-03 -1.312803127802908421e-03 -5.431553814560174942e-03 2.915676310658454895e-02 -5.425882060080766678e-03 1.112499041482806206e-03 -7.871803827583789825e-03 -7.402329356409609318e-04 5.883312784135341644e-03 -1.005400624126195908e-02 7.167474832385778427e-03 -1.451293658465147018e-02 -1.217323821038007736e-02 1.502066478133201599e-02
-4.239246974291344117e-12 5.576785994804156488e-12 4.407991766736119033e-12 -3.515544788872809745e-13 -1.970240106046600159e-13 -5.554136144059196312e-12 3.993780566674542953e-12 -1.273606654167425134e-12 8.713403262805563543e-12 2.856929753533576921e-12 1.502906826766903237e-11 3.715382602270667078e-12 1.520080415706726029e-11 4.232330631792624587e-12 -6.910430127432531933e-12 -7.019208890339523332e-13 4.515265765447917801e-12 -4.513237873704500913e-12 -4.757409743927354384e-13 -2.509588023502651311e-12
2.317342250535148196e-06 4.561056357488268986e-06 -1.932604618559707887e-06 1.288508542529598344e-06 -1.113995040213922039e-06 5.952678066023509018e-07 1.512994799668376800e-06 4.994458322471473366e-07 -3.245155539843835868e-06 2.077919816656503826e-06 -2.235578904219437391e-06 -3.571966544768656604e-06 -1.657090024309582077e-06 7.614200967509532347e-07 -2.490251972631085664e-06 6.356537483043211978e-07 2.994407850565039553e-07 -1.148963519881363027e-06 -2.474139648711570771e-07 1.375586634821956977e-06
-4.280772580115531706e-18 1.018685642260971584e-18 1.238419409784175765e-17 -6.597231087795263062e-18 1.269145529945825510e-17 1.638797491008625113e-17 -8.747086734710382837e-18 7.224344834312540145e-18 -6.444281877016604894e-19 -1.053498468918454876e-18 -1.971652405240064535e-18 -6.270376872599528324e-18 9.598028937539608785e-18 3.126562183281754913e-18 7.838266807818398112e-19 -2.449355206048879027e-18 -1.003464629770837381e-17 -9.058017309524165516e-18 -8.095988059151518163e-18 -2.386334672643209624e-17
-1.549460698635485301e-10 1.352042228175420746e-10 5.764839994260029243e-11 -2.352585487530589603e-11 1.140872118998714768e-10 -1.206267204179045649e-11 2.219592426522254414e-10 1.333971266781475151e-10 1.903678464865166120e-10 3.662962988482121318e-10 2.922431463492358716e-10 2.688001488060365318e-10 1.571475588546533686e-10 1.968137042229756162e-10 2.373050540793730789e-11 2.224921913374089399e-10 -9.686823565502322708e-11 -4.314963386597980843e-10 -1.888020850770999459e-10 2.090095674658898339e-12
1.987198629649356008e-04 -1.865406229626387358e-04 1.472034491598606110e-04 -1.098420179914683104e-04 3.655084001366049051e-04 2.326454850845038891e-04 -1.638692920096218586e-04 9.080196468858048320e-05 -1.817216543713584542e-04 -7.391622784780338407e-05 2.900318067986518145e-04 7.228551112348213792e-05 4.136715142522007227e-04 -2.081247075693681836e-04 1.154670244432054460e-04 3.091010148636996746e-05 -1.255064271390438080e-04 8.591279038228094578e-05 -1.277450646739453077e-04 -1.857062852650415152e-05
6.260069785639643669e-04 8.645394118502736092e-04 -1.285245962208136916e-04 2.110234927386045456e-04 -1.089483615942299366e-03 -7.481938228011131287e-04 2.501221897546201944e-04 -4.237547691445797682e-04 7.298340206034481525e-04 2.102398575516417623e-04 -4.909218405373394489e-04 1.573099143570289016e-04 -4.185771103948354721e-04 4.788463411387056112e-04 -7.451003766618669033e-04 4.369721864350140095e-04 3.839411947410553694e-04 1.422481029294431210e-03 3.423380840104073286e-04 6.002546870149672031e-04
-2.401362289674580097e-04 -1.292111846851184964e-04 1.145804781117476523e-04 1.113042599172331393e-04 9.254447650164365768e-05 7.116876076906919479e-05 5.887674706173129380e-05 -4.446113962330855429e-05 3.867006671498529613e-05 -2.559555468906182796e-05 1.006152233458124101e-04 -3.387086908333003521e-04 7.723084854660555720e-05 3.991354897152632475e-04 1.645304146222770214e-04 1.316794659942388535e-04 -1.960843510460108519e-04 -2.342125517316162586e-04 -9.142982889898121357e-05 -8.522655116394162178e-05
2.487911842763423920e-04 -4.233647137880325317e-03 -1.470314618200063705e-02 3.070771708735264838e-05 4.943020176142454147e-03 8.666723966598510742e-03 8.104691281914710999e-03 -5.014884285628795624e-03 -5.802442319691181183e-04 -2.942731138318777084e-03 1.689514890313148499e-02 5.968585144728422165e-03 6.946468725800514221e-03 7.943367585539817810e-03 1.808097818866372108e-03 7.727850228548049927e-03 1.064993347972631454e-02 1.170641975477337837e-03 1.225130539387464523e-02 -1.784284785389900208e-02
1.052550040185451508e-02 -3.088127262890338898e-02 -2.211198955774307251e-02 8.326033130288124084e-04 6.416708696633577347e-03 1.131890900433063507e-02 2.294668555259704590e-02 -1.644653826951980591e-02 2.201226307079195976e-03 -1.452208217233419418e-02 1.849904842674732208e-02 1.753082498908042908e-02 2.244841493666172028e-02 2.150986343622207642e-03 1.494936179369688034e-02 -7.646348094567656517e-04 -7.608599844388663769e-04 -1.071910187602043152e-02 -1.588216796517372131e-02 -1.429218798875808716e-02
5.010037398278655019e-07 6.745912628502992447e-07 5.967904144199565053e-07 2.258204858662793413e-07 -1.874933133194645052e-07 -3.019829932782158721e-07 -4.023777933070959989e-07 -9.380097480971016921e-07 -1.677124714660749305e-07 -3.007524185250076698e-07 6.650681712017103564e-07 8.583127737438189797e-07 -5.358764383345260285e-07 4.427832678288723400e-08 -4.035740630570217036e-07 5.349500042939325795e-07 5.369255973164399620e-07 -4.123249652820959454e-07 6.052990215721365530e-07 3.221988364998651377e-08
3.224277170374989510e-03 2.489106496796011925e-03 -2.249352866783738136e-03 2.670616822797455825e-06 -5.688393139280378819e-04 1.879434101283550262e-03 -6.412448361515998840e-03 8.751054294407367706e-03 -1.839208533056080341e-03 -1.508728473709197715e-05 9.931606240570545197e-03 -3.012971021234989166e-03 -4.973426926881074905e-03 -3.985717426985502243e-03 1.509194960817694664e-03 -2.288987394422292709e-03 -5.523947998881340027e-03 -3.949981182813644409e-03 1.871818327344954014e-03 -1.783645362593233585e-03
2.454450850564171560e-06 5.539770354516804218e-04 2.127101834048517048e-05 -2.395012561464682221e-04 -2.005316637223586440e-04 2.803392999339848757e-04 -4.850823024753481150e-04 -7.250744383782148361e-04 -1.595118519617244601e-04 1.082049217075109482e-03 -8.038547821342945099e-04 -3.809614645433612168e-05 -1.082910224795341492e-03 6.612081779167056084e-04 1.435158774256706238e-04 -1.440442720195278525e-04 -2.355829201405867934e-04 5.982470465824007988e-04 8.986754110082983971e-04 -9.746672003529965878e-04
1.626471566851250827e-05 5.914711891819024459e-06 -1.577843249833676964e-05 9.150432561000343412e-06 9.071797649085056037e-06 -4.755768259201431647e-06 1.707538285700138658e-05 -9.909927030093967915e-06 -3.688548531499691308e-06 2.966905867651803419e-06 7.098100923030870035e-06 6.921289241290651262e-06 1.444010649720439687e-06 1.648481702432036400e-05 1.970640823856228963e-06 -1.064370735548436642e-06 3.463007715254207142e-06 1.216621421917807311e-05 -4.423239715833915398e-06 9.473774298385251313e-06
-6.515176966786384583e-03 9.880441939458250999e-04 -8.061398752033710480e-03 -9.923678822815418243e-03 -1.030866056680679321e-02 -2.413243241608142853e-02 1.452385331504046917e-03 3.641755320131778717e-04 -3.636049223132431507e-04 2.924233907833695412e-03 -8.242528885602951050e-03 1.107013132423162460e-02 -5.437942687422037125e-03 9.765132330358028412e-03 -6.777087692171335220e-03 1.069718319922685623e-02 1.189474575221538544e-02 1.820213859900832176e-03 2.319128951057791710e-03 -4.319173749536275864e-03
3.183469460266152851e-11 -2.457412745515696884e-11 -2.426753069328935197e-11 1.135600034146699855e-11 4.157360566914292122e-11 -1.914859763807452708e-11 -5.662605258825725851e-13 -9.087260458007229147e-12 2.333294321643641922e-11 1.236702927565058729e-11 2.629554039790260589e-11 -2.043122789008311457e-11 1.283283982550509350e-11 9.691647658016666611e-12 1.365662444241522167e-11 2.979950314285773061e-11 -4.254583230861586074e-12 -5.514894096947386970e-11 -2.212727570616301875e-11 -1.052213090962927922e-11
-2.924322325270622969e-05 2.390599183854646981e-05 3.647108678705990314e-05 1.829095344874076545e-05 1.213698124047368765e-05 -1.891272404463961720e-05 1.886643622128758579e-05 -2.568962008808739483e-05 5.448870433610863984e-05 -4.255620751791866496e-06 1.007663377095013857e-05 -2.254563150927424431e-05 -4.175124195171520114e-05 -1.544191763969138265e-05 -1.664530100242700428e-05 5.218601290835067630e-05 1.560016244184225798e-05 3.713024125318042934e-05 1.712957782729063183e-05 -6.930555537110194564e-05
-7.282146543730050325e-05 4.341766180004924536e-04 -1.153241282736416906e-05 -4.512663581408560276e-04 -2.657690201885998249e-04 -2.773384330794215202e-04 4.384742642287164927e-04 -1.883445293060503900e-05 4.849308170378208160e-04 6.385458400472998619e-04 -4.486056423047557473e-05 -2.436994982417672873e-04 4.975022166036069393e-04 4.498116904869675636e-04 -1.151561518781818449e-04 1.750711999193299562e-05 9.715011401567608118e-05 2.374658652115613222e-04 -5.099448026157915592e-05 -1.593913475517183542e-05
-4.883250803686678410e-04 -9.184313006699085236e-03 9.097331203520298004e-03 1.786823617294430733e-03 -7.869648747146129608e-03 -2.800470683723688126e-03 2.948345383629202843e-03 3.497699741274118423e-03 1.423830282874405384e-03 8.494650013744831085e-03 4.451237153261899948e-03 5.114155355840921402e-03 -4.020672757178544998e-03 5.973865743726491928e-03 5.266069434583187103e-03 -1.290145795792341232e-03 -1.708824653178453445e-03 -2.123064128682017326e-03 -9.843226522207260132e-03 3.671864047646522522e-03
4.902522832139766251e-09 -2.472131610531391743e-09 -1.002722016529844495e-09 2.300574841740399279e-09 6.557270282314675569e-10 -3.748829718874802097e-11 -1.476691324775458725e-09 -6.491658877116890380e-10 -1.896433232673189195e-09 -9.228099395741651279e-10 3.745198373650282520e-09 1.275326622085515282e-09 3.065221632070347368e-09 -3.213376009725266158e-09 1.252241088600669627e-09 -1.162268170595837091e-09 -5.066687625010501961e-10 -1.380523473315520278e-10 -1.137302141351881346e-09 1.715047215355980370e-09
3.956829314120113850e-04 3.172623401042073965e-04 -1.619527465663850307e-04 -2.969657944049686193e-04 -6.026774062775075436e-04 1.975046907318755984e-04 -4.640735569410026073e-04 3.315143112558871508e-04 2.253167767776176333e-04 -1.687895128270611167e-04 1.196715165860950947e-04 -6.529802922159433365e-04 3.236536867916584015e-04 6.850666250102221966e-04 5.706844385713338852e-04 4.156647628406062722e-05 -3.342126437928527594e-04 -2.251540572615340352e-04 -7.166572322603315115e-05 -2.936441742349416018e-04
1.031031017191708088e-03 3.014917718246579170e-03 -1.802822516765445471e-04 -1.935312873683869839e-03 5.928963655605912209e-04 -1.193001371575519443e-04 9.018850978463888168e-04 -2.692607697099447250e-03 -2.237553941085934639e-03 -6.759123061783611774e-04 3.874623682349920273e-03 1.209858222864568233e-03 -1.937748129421379417e-05 -1.294188550673425198e-03 1.721948035992681980e-03 2.587129129096865654e-03 3.532105474732816219e-04 -4.213395586702972651e-04 1.977843930944800377e-03 2.040422259597107768e-04
4.765784433757858096e-10 2.483218741744508407e-09 -1.701935148368249884e-09 -8.022082997882762356e-10 4.924010643669873843e-10 -2.211914429395278603e-09 2.882790950398117502e-10 -6.964995247216165808e-09 3.292401906662689726e-09 4.984900825455440554e-10 3.574380569304480559e-09 -7.572989457749201847e-10 6.602730029392489541e-10 1.045682762601529703e-09 3.492137690130903138e-09 -4.952292464999175081e-10 -1.468433930007506660e-09 -3.030165451889388351e-09 6.143544784009691284e-09 -1.403604232841360044e-09
1.575208851136267185e-03 1.995378406718373299e-03 7.767836214043200016e-04 2.215852291556075215e-04 1.872873981483280659e-03 -1.975302118808031082e-03 -5.127060576342046261e-04 2.716451417654752731e-04 1.507509849034249783e-03 3.061825875192880630e-03 1.971751218661665916e-03 -1.374815823510289192e-03 2.159093739464879036e-03 -1.979137450689449906e-04 -3.198338439688086510e-03 -9.179302142001688480e-04 9.913869434967637062e-04 -9.552118717692792416e-04 -3.359021386131644249e-03 -3.100432921200990677e-03
-2.982683246955275536e-03 -2.241512294858694077e-03 2.494319342076778412e-03 1.823997241444885731e-03 9.146915544988587499e-05 -2.124984050169587135e-03 7.799364160746335983e-03 3.438172861933708191e-03 1.009537000209093094e-02 1.565886475145816803e-02 -1.046701334416866302e-02 -3.036716487258672714e-03 -1.471658237278461456e-03 1.153521472588181496e-03 -4.141093231737613678e-03 7.162305410020053387e-04 -1.151732867583632469e-03 -9.448700584471225739e-03 -9.959029033780097961e-03 2.789730671793222427e-03
-2.997401497850660235e-05 9.372161730425432324e-05 1.512282779003726318e-05 4.716109742730623111e-06 -1.598744893271941692e-05 -2.038731872744392604e-05 5.592870729742571712e-05 4.199459726805798709e-05 7.560046651633456349e-05 4.480556162889115512e-05 -2.737077193160075694e-05 -1.085660551325418055e-05 1.350367347185965627e-05 4.753504254040308297e-05 7.501190339098684490e-06 9.635673450247850269e-06 1.617841371626127511e-05 -3.327533340780064464e-05 -2.973998198285698891e-05 1.607442391104996204e-05
7.945017387100961059e-06 5.373368821892654523e-06 -3.588227173167979345e-06 -2.631584038681467064e-06 6.662433861492900178e-06 -3.027828370250063017e-07 -4.627400358003797010e-06 2.079116711684037000e-06 8.222939868574030697e-06 -3.471766163443135156e-08 1.717898157949093729e-06 3.224916099497932009e-06 -8.337357940035872161e-06 3.268963155278470367e-06 -1.310340394411468878e-06 6.626798949582735077e-06 -1.016650367091642693e-05 -3.364997837707051076e-06 -9.478956599195953459e-06 -1.783927245924132876e-06
2.697174996096462357e-14 -2.789534282818945110e-13 5.223125754740551643e-15 1.313360634440027819e-13 -3.981578996082972555e-14 3.575721126527001137e-14 -2.330355960283858607e-13 3.109233790571375167e-13 -1.000124326888326975e-13 2.268280202067426282e-14 3.377380908037470875e-14 3.621182130195133020e-13 -4.944657489990185451e-14 1.690494125976618744e-13 -2.643469719108750698e-14 1.073046003181171715e-13 1.538783206758709277e-13 1.081407641385923046e-13 -1.302095977155810769e-14 1.608636590903420038e-13
-2.614887780509889126e-04 1.251313369721174240e-05 4.732063825940713286e-05 3.754948847927153111e-04 1.930635698954574764e-05 2.865396963898092508e-04 -1.081238224287517369e-04 1.925146643770858645e-04 2.596786653157323599e-04 1.142222245107404888e-04 -1.580220414325594902e-04 -2.636271819937974215e-04 -2.813090977724641562e-04 1.670377969276160002e-04 2.029480856435839087e-05 -2.668033994268625975e-04 -2.898726961575448513e-04 2.594062534626573324e-04 -7.453851867467164993e-05 -9.901651355903595686e-05
-4.583717583273028140e-08 -9.338063478026015218e-07 -1.020703521703580918e-07 4.758296086038171779e-07 2.257109485981345642e-07 1.000069232759415172e-06 -1.535180217615561560e-06 -3.259306140535045415e-07 6.296225478763517458e-07 4.035404685964749660e-07 1.835763214330654591e-06 -1.355844574391085189e-06 5.087427368266617123e-08 -6.765206421732727904e-07 7.736666418622917263e-08 8.128764079629036132e-07 -5.556767064263112843e-07 -7.511159196837979835e-07 -5.895985282222682144e-07 1.296607138101535384e-06
-3.102991031482815742e-04 -2.986270701512694359e-04 -2.520831767469644547e-04 3.886370686814188957e-04 5.559154305956326425e-05 -1.673942897468805313e-04 5.700306501239538193e-04 1.128497649915516376e-03 5.645540659315884113e-04 -1.230511697940528393e-03 -1.307030091993510723e-03 7.102668751031160355e-04 7.365607889369130135e-04 1.303324388572946191e-04 -6.020851433277130127e-04 -4.975887131877243519e-04 2.133137168129906058e-04 -3.529610403347760439e-04 -9.969167876988649368e-04 -3.356252855155616999e-04
-3.840429941192269325e-03 1.241542398929595947e-03 6.369651964632794261e-05 -3.535855561494827271e-03 2.014455152675509453e-03 1.645846408791840076e-03 -4.088143759872764349e-04 1.470229588449001312e-03 2.430608496069908142e-03 2.491887658834457397e-03 4.866055212914943695e-03 1.274739275686442852e-03 1.924793585203588009e-03 2.029702300205826759e-03 -1.182061969302594662e-03 9.630268323235213757e-04 -1.561311422847211361e-03 -2.320589846931397915e-04 -8.872422622516751289e-04 9.689793922007083893e-03
8.723293285584077239e-05 -4.395454016048461199e-04 4.081196966581046581e-04 2.350028662476688623e-04 2.271997946081683040e-04 2.681388577912002802e-04 -8.650653180666267872e-04 3.022445307578891516e-04 1.644261064939200878e-04 -8.703529019840061665e-04 3.000211727339774370e-04 -2.858954831026494503e-04 2.847075520548969507e-04 -1.155221762019209564e-04 2.424376434646546841e-04 -9.544886415824294090e-04 1.197695928567554802e-05 8.883284754119813442e-04 -3.675422922242432833e-04 1.260806166101247072e-04
-2.800933089019963518e-06 8.584079296269919723e-06 -4.608989002008456737e-06 6.091104751249076799e-06 -7.235525572468759492e-06 1.720744330668821931e-05 1.166428683063713834e-05 -2.725240165091236122e-06 4.222668508191418368e-07 -2.821136831698822789e-06 -2.165459818570525385e-06 -6.631618362007429823e-06 -5.258537839836208150e-06 -2.330935058125760406e-05 1.599137931407312863e-06 1.255921142728766426e-05 -5.804899956274311990e-06 -4.134801656618947163e-06 -9.471650628256611526e-06 2.923867668869206682e-06
-3.184112254530191422e-03 7.816327852196991444e-04 3.118146560154855251e-04 -2.410371089354157448e-03 -5.242759943939745426e-04 -2.119106706231832504e-03 2.718767384067177773e-03 1.705385511741042137e-03 5.038210190832614899e-03 3.619814058765769005e-03 1.166566158644855022e-03 -2.604994515422731638e-04 4.129822365939617157e-03 -5.526756285689771175e-04 2.032615244388580322e-03 1.211796654388308525e-03 2.080466831102967262e-03 -3.455850761383771896e-03 -2.355660399189218879e-04 -1.194554497487843037e-03
2.691695878773853190e-13 -4.567477038946998746e-13 2.869263529027554771e-13 -1.100850571182469817e-13 1.662151996985675173e-13 2.000548672846571424e-15 -8.149250453051357090e-14 -3.908334024254819794e-14 7.876565475154959084e-14 1.624319846378965981e-13 3.300423560208091966e-14 9.606038024485147320e-14 2.850211386351553244e-13 -2.134106286870787739e-13 8.339146430683119782e-14 1.184327023387096722e-13 -1.624212103788075234e-13 4.272866511566969505e-14 4.663898932853738355e-14 1.902037555234770139e-13
4.210204933770000935e-04 -2.694753056857734919e-04 -7.600891694892197847e-05 -3.487747453618794680e-04 7.520643412135541439e-04 -3.654125612229108810e-04 -9.889671346172690392e-04 -8.894651546142995358e-04 3.965982614317908883e-05 -1.026281854137778282e-03 -1.877754693850874901e-03 5.680103204213082790e-04 -1.571930479258298874e-03 -3.219646750949323177e-04 -6.281052483245730400e-04 6.348275928758084774e-05 -8.654757984913885593e-04 1.024557044729590416e-03 1.506964443251490593e-03 -3.985603689216077328e-05
-1.102011883631348610e-03 4.974693729309365153e-05 -2.076905657304450870e-04 1.478209858760237694e-03 -5.077966488897800446e-04 -2.412713831290602684e-03 5.754514131695032120e-05 -1.019294839352369308e-03 7.633560453541576862e-04 1.435343001503497362e-04 9.108828380703926086e-04 -1.263300055143190548e-05 9.397679241374135017e-04 -1.456795958802103996e-03 2.041053376160562038e-04 2.636194694787263870e-04 3.176267200615257025e-04 -8.377958438359200954e-04 -4.132201720494776964e-04 1.078001107089221478e-03
-1.941747032105922699e-04 5.660820170305669308e-04 -1.058425696101039648e-04 1.127606665249913931e-04 -1.849833759479224682e-03 -1.276900409720838070e-03 6.159638869576156139e-04 -1.083181006833910942e-03 5.645506826112978160e-05 1.483684987761080265e-03 1.645695883780717850e-03 3.478986327536404133e-04 2.619072620291262865e-04 9.431709768250584602e-04 5.120684509165585041e-04 1.226573949679732323e-03 4.198724491288885474e-05 -1.253251568414270878e-03 7.669792976230382919e-04 -5.054899957031011581e-04
-2.272576530231162906e-04 -4.010778502561151981e-04 -8.114587217278312892e-06 -1.708745257928967476e-04 1.965813571587204933e-04 1.669036137172952294e-04 -2.315037127118557692e-04 -1.038744230754673481e-04 -2.350986178498715162e-04 -4.103559476789087057e-04 -2.937054669018834829e-04 -5.583794700214639306e-05 -2.427512663416564465e-04 -2.569035568740218878e-04 1.779050762706901878e-05 -1.859040203271433711e-04 -2.273717545904219151e-04 5.357099144021049142e-05 2.176144189434126019e-04 3.433583187870681286e-04
-6.569862598553299904e-04 -3.415395272895693779e-03 6.715135532431304455e-04 1.713532488793134689e-03 1.978351734578609467e-03 -8.990740025183185935e-05 -1.253523980267345905e-03 -2.542830072343349457e-03 -2.152583329007029533e-03 -9.758988162502646446e-04 -4.841832560487091541e-04 3.955840365961194038e-04 -1.277165720239281654e-03 -6.037385319359600544e-04 -2.549963304772973061e-03 1.182746025733649731e-03 1.583854667842388153e-03 1.212197006680071354e-03 3.818512661382555962e-03 4.021125496365129948e-04
-4.029310366604477167e-05 -5.829376459587365389e-05 -2.064609907392878085e-05 -1.625862608989336877e-07 2.810716796375345439e-05 -1.667763740442751441e-06 -5.605340629699639976e-05 3.339574686833657324e-05 -5.510486516868695617e-05 -9.857725672191008925e-05 -3.606921745813451707e-05 -1.367730419588042423e-06 -5.129255441715940833e-05 -3.127922354906331748e-06 1.798334415070712566e-05 -6.801002746215090156e-05 -4.463358709472231567e-05 5.565927858697250485e-05 1.839370634115766734e-05 2.586496702861040831e-05
-2.382322214543819427e-02 -5.616012029349803925e-03 -2.974450774490833282e-02 -9.459174238145351410e-03 1.021535135805606842e-02 -7.311839610338211060e-03 -2.879951521754264832e-02 -1.154497731477022171e-02 1.740566571243107319e-03 -2.802379615604877472e-02 6.127417553216218948e-03 1.040393859148025513e-02 2.643457613885402679e-02 -2.302158437669277191e-02 2.037088014185428619e-02 -1.908141560852527618e-02 -1.340411510318517685e-02 -1.193258911371231079e-03 2.445062436163425446e-02 -8.027785457670688629e-03
2.671101917428586603e-08 1.827604592108400539e-07 3.042401033326314064e-07 -2.506332350549200783e-07 1.009774166504939785e-07 8.600971312944238889e-08 -4.213305615508033952e-08 -4.498568983990480774e-08 7.351635389341026894e-08 -5.892212939784258197e-09 -2.059353505501348991e-07 3.861797104320885410e-09 2.170823165670299204e-08 7.016680569904565345e-08 -3.601330149649584200e-07 -2.246561052743345499e-07 3.440068496729509206e-07 -1.882611115888721542e-07 -3.597559157242358197e-07 1.105051481431473803e-07
9.642183752822663934e-12 -8.956622769840105747e-12 3.411121645563452986e-12 -3.291817556386189558e-12 4.676879543363821057e-12 -8.344379874569707312e-13 6.176658576967364311e-12 -9.007052048648489517e-12 3.836810209822960616e-12 5.661793191398534209e-13 6.801366327774394094e-12 3.286703591579009931e-12 -2.694133111047491980e-12 -4.231017446121310144e-12 2.369019693956864181e-12 8.144312481361826173e-12 -7.285882834551227205e-12 -7.770081405817242520e-15 -5.954457413248626096e-12 8.266395109656626827e-14
6.301781395450234413e-04 3.513541538268327713e-03 3.765159519389271736e-03 8.013513870537281036e-03 1.445913570933043957e-03 -2.430008025839924812e-03 3.799312282353639603e-03 1.244585146196186543e-03 2.746375743299722672e-03 8.721229620277881622e-03 1.842082478106021881e-03 6.817898713052272797e-03 2.119624288752675056e-03 1.998290681513026357e-04 2.618267666548490524e-03 4.711653105914592743e-03 2.299857558682560921e-03 -6.688037421554327011e-03 5.604748148471117020e-03 -3.669197671115398407e-03
1.293843612074851990e-02 -9.683274663984775543e-03 1.000988204032182693e-02 -2.771212486550211906e-03 3.916322719305753708e-03 -2.328895789105445147e-04 -1.486934255808591843e-03 2.403489546850323677e-03 -4.155381582677364349e-03 -4.695466253906488419e-03 8.101689629256725311e-03 4.090572707355022430e-03 8.066629990935325623e-03 -5.399718414992094040e-03 -3.971211612224578857e-03 -2.207968849688768387e-03 -2.879282692447304726e-03 7.202439010143280029e-03 1.730017946101725101e-03 4.836828447878360748e-03
1.715394086204469204e-03 6.353285280056297779e-04 -4.735697992146015167e-03 -6.734320049872621894e-05 -2.829139586538076401e-03 3.271438879892230034e-03 5.686468910425901413e-03 6.225598510354757309e-03 8.892695768736302853e-04 -5.147671909071505070e-04 3.921713214367628098e-03 -3.645535325631499290e-03 -3.897319547832012177e-03 6.704892031848430634e-03 1.728705829009413719e-03 4.056154750287532806e-03 -2.864981070160865784e-03 -4.340325947850942612e-03 2.164593897759914398e-03 -5.302013363689184189e-03
2.835521172528387979e-06 -4.886818715021945536e-06 9.887073247227817774e-06 1.087153304979437962e-05 1.321560012002009898e-05 -8.396546945732552558e-06 -5.065525783720659092e-06 -2.464212229824624956e-06 -7.938760973047465086e-06 9.917738680087495595e-06 1.999262849494698457e-06 -3.238023509766208008e-06 -5.019113814341835678e-06 -5.543476504499267321e-07 2.335105273232329637e-05 -8.394086762564256787e-06 8.703886123839765787e-06 -2.289898702656500973e-06 -1.284134555135096889e-06 9.625869097362738103e-06
1.177689991891384125e-03 -5.557611584663391113e-03 -5.038854200392961502e-03 -2.054730663076043129e-03 3.043582662940025330e-03 -2.158376621082425117e-03 -6.206208374351263046e-03 6.243176758289337158e-03 4.696167306974530220e-04 -1.844385452568531036e-02 -1.044322736561298370e-03 1.288178027607500553e-03 -2.944042673334479332e-03 -4.914157092571258545e-03 2.413314214209094644e-04 -1.077100913971662521e-02 -2.731138840317726135e-03 9.262624080292880535e-04 -3.337881062179803848e-03 -3.160248452331870794e-04
-4.084036685526371002e-03 -1.144708972424268723e-02 4.199174582026898861e-04 7.549542002379894257e-03 2.307032793760299683e-02 1.694587059319019318e-02 -1.353955175727605820e-02 -6.540892645716667175e-03 1.536662690341472626e-02 6.549621932208538055e-03 -3.790891915559768677e-02 8.443713188171386719e-03 -8.027245290577411652e-03 -7.878107018768787384e-03 1.736630313098430634e-02 2.020784839987754822e-02 2.218717336654663086e-02 2.505262382328510284e-02 -2.513158321380615234e-02 3.450168296694755554e-02
2.488780046405736357e-05 1.120423185057006776e-04 -2.948326073237694800e-05 -4.194935536361299455e-05 -1.099688452086411417e-04 -5.874426642549224198e-05 1.089529614546336234e-04 -9.800036787055432796e-05 8.222400538215879351e-06 -4.120435914956033230e-05 -6.309065065579488873e-05 -2.211534228990785778e-05 8.480879841954447329e-06 7.862818165449425578e-06 -2.866181966965086758e-05 -4.932738738716579974e-05 7.327233470277860761e-05 1.363549235975369811e-04 -7.393503619823604822e-05 5.973494626232422888e-05
1.716622646199539304e-04 9.432531078346073627e-04 1.177696511149406433e-03 -1.753468532115221024e-03 1.769257942214608192e-03 -3.419308923184871674e-04 -5.168122705072164536e-03 -9.006573818624019623e-04 5.984078961773775518e-05 -1.502600498497486115e-03 2.557914238423109055e-03 2.269991440698504448e-03 1.076224143616855145e-03 -1.034636152326129377e-04 -7.332979002967476845e-04 -1.441227621398866177e-03 2.813393017277121544e-03 1.272745663300156593e-03 2.335681638214737177e-04 2.642437582835555077e-03
-5.221282251000047836e-08 4.092834515745380486e-09 -3.835971895682632749e-08 3.969664774672310159e-08 1.686101747111479199e-08 -7.418349046162120430e-09 3.553545724344076007e-08 2.227000628352016065e-08 4.058997049583012995e-08 4.277351450809874223e-08 3.075615850889334979e-08 -1.584023401335343806e-08 5.710565886829499505e-08 1.675269589718197949e-09 -3.129360592879493197e-08 4.015010546254416113e-09 -4.213667281760535843e-08 -4.970141986859744065e-08 -1.867551979728432343e-08 7.481482988680454582e-09
-9.876775038719642907e-06 1.698237610980868340e-03 2.633806550875306129e-03 -5.123497452586889267e-03 -2.062784507870674133e-03 5.150771699845790863e-03 -2.738791983574628830e-03 2.703444566577672958e-03 -3.592604072764515877e-03 3.836657851934432983e-03 -5.090135615319013596e-03 9.019759483635425568e-03 -4.684569314122200012e-03 5.416859872639179230e-03 -1.530402223579585552e-03 -1.773566473275423050e-03 7.922912947833538055e-03 -6.856188992969691753e-04 7.342387107200920582e-04 2.006585709750652313e-03
-1.772310770364882160e-11 4.183582646977157538e-10 4.443644063822915768e-10 -2.375785679298303421e-10 -1.125964078918517686e-11 3.249123192716751873e-10 -9.574140091839211664e-11 -1.494890461417597294e-10 6.041513400667497535e-10 1.343620908977882777e-10 -3.171459761475148298e-10 1.333405191816794400e-10 -7.212486163865605704e-11 4.532845210292180127e-10 -2.750787098104723327e-10 -1.022573692388561994e-10 1.217282524779150776e-10 -1.939245014570545322e-10 6.723373940920041036e-11 -5.858283996795776716e-11
-2.319659542990848422e-04 -1.972064346773549914e-04 1.164881396107375622e-04 -3.963113413192331791e-04 -5.509040784090757370e-04 -1.100753652281127870e-04 9.379933180753141642e-05 4.711912188213318586e-04 7.024662336334586143e-04 2.810496953316032887e-04 -5.684774369001388550e-04 1.788475055946037173e-04 -1.093377359211444855e-04 2.486024459358304739e-04 -3.196533070877194405e-04 -2.250699180876836181e-04 4.137394716963171959e-04 6.426474428735673428e-04 -9.563875501044094563e-04 2.097120741382241249e-04
5.416559870354831219e-04 -3.841367433778941631e-04 7.891651330282911658e-05 -1.631610211916267872e-04 7.125719275791198015e-05 -1.861738564912229776e-04 -4.987590946257114410e-04 -1.802289771148934960e-04 -1.492935261921957135e-04 -4.537586646620184183e-04 -1.976789644686505198e-04 4.688091939897276461e-05 -3.433485107962042093e-05 -2.857278159353882074e-04 7.284229650394991040e-05 -3.047306672669947147e-04 -2.721122582443058491e-04 3.727989969775080681e-04 1.308242790400981903e-04 2.058920217677950859e-04
-7.521598599851131439e-03 2.205637283623218536e-02 -3.030120395123958588e-02 9.547639638185501099e-03 -4.009200725704431534e-03 3.620286937803030014e-03 -1.489344052970409393e-02 1.564045809209346771e-02 -2.042340859770774841e-02 1.931878272444009781e-03 -1.517938543111085892e-02 1.089553255587816238e-02 -1.094401907175779343e-02 2.396731823682785034e-02 3.640310466289520264e-02 1.974685303866863251e-02 8.138948120176792145e-03 4.874166334047913551e-04 3.144445642828941345e-02 -1.308478694409132004e-02
-1.678686676314100623e-04 -3.403309674467891455e-04 1.237408578163012862e-04 -1.412988349329680204e-04 -1.584375131642445922e-04 -2.611909585539251566e-04 1.279067219002172351e-04 5.852197864442132413e-05 1.922210940392687917e-04 -4.029223248380731093e-07 2.599281433504074812e-04 -2.148598869098350406e-04 3.915243723895400763e-05 1.502241502748802304e-04 1.295236434089019895e-04 -1.235038439517666120e-06 -4.889685078524053097e-05 6.598403706448152661e-05 7.017966709099709988e-05 1.936839107656851411e-04
-4.665262997150421143e-03 -1.991985924541950226e-02 -1.266337651759386063e-02 2.423114515841007233e-02 1.951970160007476807e-03 3.038529539480805397e-03 -3.472386160865426064e-03 5.369280464947223663e-03 -1.165234949439764023e-02 -1.066607609391212463e-02 1.457904814742505550e-03 -4.082354251295328140e-03 -1.430892851203680038e-02 -5.939994473010301590e-03 9.814584627747535706e-03 -4.261097870767116547e-03 -1.045948080718517303e-02 -1.897700317203998566e-02 1.543292403221130371e-02 -4.936961922794580460e-03
-5.490511830430477858e-05 2.244130242615938187e-03 1.412955578416585922e-03 -3.552777459844946861e-03 4.080488812178373337e-03 -1.553345471620559692e-03 -1.707483897916972637e-03 -1.678244327194988728e-03 -2.611656440421938896e-03 1.506166416220366955e-03 -7.942228578031063080e-03 6.007743068039417267e-04 -7.724219001829624176e-03 -2.983917482197284698e-03 -5.823646672070026398e-03 4.663708154112100601e-03 -2.671673661097884178e-03 2.020629355683922768e-03 1.215647812932729721e-02 -1.508602639660239220e-03
-1.776868011802434921e-03 -5.008417647331953049e-03 3.643390256911516190e-03 1.882366253994405270e-03 -5.766227841377258301e-04 1.293576671741902828e-03 7.272533141076564789e-03 -6.722795311361551285e-03 8.245491771958768368e-04 -2.079286146908998489e-03 3.831387031823396683e-03 2.008206676691770554e-03 2.508435864001512527e-03 1.396470470353960991e-03 -8.737959433346986771e-04 7.698230911046266556e-03 9.028700878843665123e-04 3.006271785125136375e-03 1.691421930445358157e-04 3.539746860042214394e-03
-2.245223640784388408e-06 -4.398089458845788613e-06 2.345247622770330054e-07 -2.444843175908317789e-06 4.075968718098010868e-06 5.805288196825131308e-07 2.342097104701679200e-06 1.790380679267400410e-06 3.119946086371783167e-06 5.528604560822714120e-06 -3.973561433667782694e-06 5.101704573462484404e-06 2.757389665930531919e-06 1.980072056539938785e-06 -1.926649275674208184e-07 -9.941414873537723906e-07 1.535048454570642207e-06 8.345401170117838774e-08 -6.155874871183186769e-06 5.829384917888091877e-06
2.544119197409600019e-04 -4.257487889844924212e-04 6.606661481782793999e-04 1.308002159930765629e-03 1.051605868269689381e-04 2.392403985140845180e-04 -5.454196943901479244e-04 -3.627819824032485485e-04 -6.061090971343219280e-04 7.749978249194100499e-05 -9.527113288640975952e-04 -4.623164422810077667e-04 1.409682445228099823e-03 -6.405381136573851109e-04 -8.487564628012478352e-04 -3.966244403272867203e-04 1.046399585902690887e-03 4.016308230347931385e-04 7.726536132395267487e-04 5.495985969901084900e-04
-1.001920375549684994e-14 -4.167543978509822764e-15 1.538027348437897429e-14 9.150884023245101778e-15 -1.086643660252670229e-14 -4.890726309315441070e-15 1.675353750857627028e-14 -2.569008365616693400e-15 2.335931580070148457e-15 5.965535309932368940e-15 1.925624204090602837e-14 -3.232776840886579690e-15 -2.023243565415534795e-14 -5.321492961454614423e-15 7.856406768636664539e-15 -3.716289716958936021e-15 2.522524044504324651e-15 6.543324011825312966e-15 1.452114151850609353e-14 5.733589313370408488e-15
1.856132410466670990e-03 -1.512669608928263187e-03 4.466624464839696884e-03 2.267487579956650734e-03 8.426992222666740417e-03 3.689548699185252190e-03 -3.194181248545646667e-03 5.545320920646190643e-03 8.353657089173793793e-03 -3.370768390595912933e-03 4.740153905004262924e-03 -7.996289059519767761e-03 4.192424006760120392e-03 -7.379809394478797913e-03 -9.977121371775865555e-04 -8.773192763328552246e-03 5.882779601961374283e-03 3.358243266120553017e-03 -1.059088041074573994e-03 -3.285574493929743767e-03
1.231866190209984779e-04 8.087327296379953623e-05 -4.562903268379159272e-05 1.234294177265837789e-05 -3.115304934908635914e-05 5.770756979472935200e-05 -2.977473559440113604e-05 2.913745447585824877e-05 -4.884583177044987679e-05 -9.399855480296537280e-05 -3.857592309941537678e-05 -4.118313154322095215e-05 9.122601113631390035e-06 1.403974310960620642e-04 -1.743723260005936027e-05 -1.404669319526874460e-06 1.966103081940673292e-05 -1.629174221307039261e-05 4.835169966099783778e-05 -1.664280898694414645e-05
-8.921108474169159308e-07 1.191225692309672013e-06 -2.423199134682363365e-07 -2.239786738300608704e-07 -1.274815303986542858e-06 -2.558686844622570788e-07 8.769798682806140278e-07 1.232095314662728924e-06 -8.927659678192867432e-07 5.295472647048882209e-07 2.426336095595615916e-06 7.349364068431896158e-07 -3.438572093727998435e-07 1.228590122082096059e-06 -3.857574313315126346e-07 1.802848828447167762e-06 8.101132493720797356e-07 2.553370279656519415e-07 -5.028551299801620189e-07 1.127914856624556705e-06
-3.803844447247684002e-04 -4.936329205520451069e-04 -2.607358910609036684e-04 2.235172432847321033e-04 2.957616525236517191e-04 -8.287562377518042922e-05 -8.349197451025247574e-04 5.110212950967252254e-04 -2.166915801353752613e-04 -1.374527055304497480e-04 -5.566384643316268921e-04 -8.976984099717810750e-05 -3.981039917562156916e-04 1.040503775584511459e-04 4.989723092876374722e-04 -1.174102653749287128e-03 -3.447340568527579308e-04 5.160017171874642372e-04 1.234243827639147639e-04 5.170725053176283836e-04
-1.452558649361890275e-06 -3.417798325244802982e-06 -1.196975244965869933e-05 2.077270437439437956e-05 -2.908857277361676097e-05 4.151265329710440710e-06 4.877016181126236916e-06 3.157962055411189795e-06 1.205994976771762595e-06 4.849790002481313422e-06 1.885594247141852975e-05 -2.397992102487478405e-05 1.286288170376792550e-05 -3.844520961138186976e-06 9.740612085806787945e-07 1.300929397984873503e-05 1.139979030995164067e-05 -5.410731773736188188e-06 -6.836124612163985148e-06 -2.046703912128577940e-06
-8.890523575246334076e-03 -3.890940861310809851e-04 6.222808267921209335e-03 8.751485496759414673e-03 -9.554777294397354126e-03 4.653979558497667313e-03 -5.787307396531105042e-03 8.380099199712276459e-03 -5.214950069785118103e-03 -3.939778078347444534e-03 -8.231092244386672974e-03 2.019720559474080801e-04 -1.231830753386020660e-02 -6.191829219460487366e-03 2.335318597033619881e-03 1.537026721052825451e-03 -2.134983660653233528e-03 -7.417954504489898682e-03 6.952289259061217308e-04 2.402894664555788040e-03
-2.620493251015432179e-05 -5.195908306632190943e-05 5.039227835368365049e-05 -2.859950836864300072e-05 8.468082523904740810e-05 8.148701340360275935e-07 -3.853912858176045120e-05 -1.367748791381018236e-05 -4.652321513276547194e-05 -4.297541090636514127e-05 -4.049865310662426054e-05 -4.364143751445226371e-05 -8.334005542565137148e-06 -2.731593485805206001e-05 8.656529644213151187e-06 -8.089125185506418347e-05 -3.374690277269110084e-05 3.269810258643701673e-05 2.558690903242677450e-05 6.177840259624645114e-05
1.441171276383101940e-03 -6.029880139976739883e-03 8.165648207068443298e-03 4.210540559142827988e-03 9.318477241322398186e-04 -2.078330842778086662e-03 -5.355604458600282669e-03 -1.159281656146049500e-02 -2.563892398029565811e-03 -1.280477177351713181e-02 9.770115837454795837e-03 4.906256799586117268e-04 3.633658960461616516e-02 -5.704900715500116348e-03 3.554724156856536865e-03 3.198385704308748245e-03 1.937167486175894737e-03 1.816873811185359955e-02 5.255897995084524155e-03 1.947582466527819633e-03
2.241769339889287949e-03 4.767201840877532959e-03 -1.171113341115415096e-03 4.116957075893878937e-03 -3.407361917197704315e-03 -5.852915346622467041e-03 1.660500071011483669e-03 4.017149563878774643e-03 7.887735031545162201e-03 5.866807419806718826e-03 -6.897808634676039219e-04 -9.317411459051072598e-04 4.163299221545457840e-03 -2.720338758081197739e-03 1.735540223307907581e-03 3.332108724862337112e-03 5.345164099708199501e-04 -1.426021801307797432e-03 -2.788329729810357094e-03 -2.106563188135623932e-03
